0 1814 25295
10 32 54 
10 32 94 
10 38 23 
10 56 47 
10 70 54 
10 70 47 
10 82 54 
10 82 47 
10 82 23 
10 91 26 
10 18 94 
10 25 66 
10 25 94 
10 46 54 
10 59 23 
10 65 26 
10 51 81 
10 72 23 
10 84 23 
10 84 66 
10 88 66 
23 50 47 
23 69 94 
23 69 47 
23 84 66 
23 95 54 
23 3 94 
23 49 26 
23 49 66 
23 74 47 
23 74 26 
23 27 66 
23 58 26 
23 78 54 
23 96 26 
26 19 47 
26 51 10 
26 51 81 
26 73 94 
26 77 10 
26 24 54 
26 49 66 
47 4 26 
47 18 10 
47 18 94 
47 28 66 
47 53 94 
47 82 23 
47 92 26 
47 74 26 
54 16 94 
54 21 26 
54 27 23 
54 27 66 
54 45 10 
54 61 81 
54 82 47 
54 82 23 
54 87 47 
54 2 66 
54 32 94 
54 70 47 
66 9 10 
66 19 26 
66 19 47 
66 41 94 
66 41 26 
66 55 94 
66 83 54 
66 96 23 
66 96 26 
66 5 54 
66 7 47 
66 25 94 
66 78 23 
66 78 54 
81 12 26 
81 22 10 
81 28 47 
81 28 66 
81 40 23 
81 60 66 
81 67 94 
81 67 26 
81 1 66 
81 19 66 
81 19 26 
81 19 47 
81 35 54 
81 37 94 
81 48 66 
81 64 54 
81 89 10 
81 8 94 
81 13 23 
81 29 47 
81 44 94 
81 44 26 
81 95 23 
81 95 54 
94 44 26 
94 62 23 
94 76 47 
94 11 54 
94 41 26 
94 67 26 
94 15 47 
94 69 47 
2 36 57 
2 36 68 
2 42 3 
2 59 80 
2 59 3 
2 63 45 
2 73 91 
2 73 57 
2 96 80 
2 64 3 
2 39 57 
3 33 68 
3 49 80 
3 49 2 
3 31 57 
3 44 80 
3 86 91 
30 39 2 
30 39 57 
30 72 45 
30 72 3 
30 83 2 
30 93 57 
30 20 91 
30 44 3 
30 44 80 
30 64 2 
30 64 3 
30 77 91 
30 77 68 
30 6 57 
30 23 3 
30 50 3 
30 69 91 
30 84 2 
30 95 68 
45 16 3 
45 27 2 
45 54 2 
45 61 57 
45 82 68 
45 82 3 
45 87 30 
45 15 68 
45 32 2 
45 49 3 
45 49 80 
45 49 2 
45 76 3 
45 9 68 
45 9 57 
45 34 91 
45 72 3 
45 84 30 
45 84 2 
57 16 45 
57 16 3 
57 24 80 
57 36 68 
57 60 30 
57 75 2 
57 90 2 
57 1 2 
57 4 80 
57 4 91 
57 33 3 
57 33 68 
57 79 3 
68 5 2 
68 6 80 
68 6 30 
68 6 57 
68 61 45 
68 61 57 
68 76 45 
68 76 3 
68 4 57 
68 4 80 
68 4 91 
68 18 3 
68 82 3 
68 92 57 
68 9 57 
80 12 2 
80 20 30 
80 20 91 
80 29 3 
80 46 2 
80 53 68 
80 62 3 
80 84 45 
80 84 30 
80 84 2 
80 6 30 
80 6 57 
80 21 45 
80 43 91 
80 43 57 
80 59 3 
80 88 45 
80 4 91 
80 49 2 
91 10 45 
91 22 30 
91 32 45 
91 32 2 
91 38 30 
91 56 68 
91 82 45 
91 82 68 
91 82 3 
91 26 80 
91 43 57 
91 51 45 
91 73 57 
91 77 68 
91 48 68 
12 22 46 
12 28 53 
12 40 62 
12 40 53 
12 60 20 
12 67 80 
12 81 29 
12 86 29 
12 86 20 
12 2 46 
12 2 84 
12 36 20 
12 42 62 
12 42 29 
12 59 80 
12 59 46 
12 63 46 
12 73 53 
12 96 62 
12 96 80 
20 30 84 
20 44 29 
20 44 62 
20 44 80 
20 64 46 
20 64 29 
20 77 46 
20 87 29 
20 50 29 
20 70 53 
20 74 12 
20 34 53 
29 8 53 
29 13 62 
29 44 62 
29 44 80 
29 95 84 
29 47 20 
29 69 20 
29 86 20 
46 13 29 
46 13 62 
46 55 62 
46 79 29 
46 87 20 
46 87 29 
46 10 84 
46 18 62 
46 25 53 
46 65 12 
46 2 84 
46 64 29 
46 83 53 
53 4 80 
53 4 20 
53 18 46 
53 18 62 
53 47 29 
53 47 20 
53 92 12 
53 15 20 
53 16 29 
53 69 29 
53 69 20 
53 21 12 
53 90 84 
62 34 84 
62 34 20 
62 34 53 
62 42 29 
62 56 29 
62 92 53 
62 92 12 
62 3 29 
62 44 80 
62 76 29 
62 94 53 
62 27 84 
62 40 53 
62 58 12 
62 96 80 
80 6 84 
80 21 53 
80 21 12 
80 35 46 
80 59 46 
80 88 84 
80 4 20 
80 26 12 
80 49 84 
84 34 20 
84 34 53 
84 51 29 
84 23 62 
84 50 20 
84 50 29 
84 69 53 
84 69 29 
84 69 20 
12 36 60 
12 42 86 
12 63 22 
12 96 28 
12 96 40 
12 96 67 
22 32 67 
22 38 28 
22 38 86 
22 70 40 
22 82 28 
22 91 86 
22 7 60 
22 7 40 
22 30 60 
22 58 40 
22 58 86 
22 58 12 
22 72 28 
22 83 28 
22 83 40 
22 13 81 
22 13 40 
22 13 67 
22 55 28 
22 79 67 
22 79 86 
22 87 60 
28 4 67 
28 4 86 
28 53 40 
28 92 12 
28 41 67 
28 41 12 
28 66 60 
28 83 40 
28 85 86 
28 96 40 
28 96 67 
28 17 67 
28 38 86 
28 52 67 
28 52 86 
28 65 12 
28 90 40 
40 24 67 
40 31 67 
40 71 86 
40 74 12 
40 13 67 
40 58 86 
40 58 12 
40 96 67 
40 21 12 
60 16 86 
60 24 40 
60 24 67 
60 41 28 
60 41 67 
60 41 12 
60 75 67 
60 90 28 
60 90 40 
60 11 67 
60 20 86 
60 44 81 
60 44 67 
60 64 86 
60 5 28 
60 7 40 
60 25 86 
60 48 86 
60 78 40 
67 8 86 
67 8 40 
67 41 12 
67 52 86 
67 79 86 
67 4 86 
67 26 12 
81 1 86 
81 19 28 
81 35 22 
81 48 60 
81 48 86 
81 64 60 
81 64 86 
81 89 40 
81 8 67 
81 8 86 
81 8 40 
81 13 40 
81 13 67 
81 29 86 
81 44 67 
81 51 40 
86 8 40 
86 58 12 
86 50 67 
86 34 40 
10 25 38 
10 46 32 
10 59 82 
10 65 38 
10 77 56 
10 89 32 
10 9 56 
10 34 91 
10 34 70 
10 72 38 
10 72 82 
10 84 38 
22 7 56 
22 30 38 
22 58 38 
22 72 10 
22 72 38 
22 72 82 
22 83 32 
22 83 70 
22 93 70 
22 35 70 
22 46 10 
22 46 32 
22 63 32 
22 79 32 
22 87 56 
32 15 70 
32 15 56 
32 17 38 
32 45 10 
32 49 82 
32 76 56 
32 54 70 
32 83 70 
32 8 38 
32 8 70 
32 11 70 
32 52 91 
38 23 82 
38 50 70 
38 69 56 
38 69 91 
38 95 70 
38 95 56 
38 5 32 
38 52 32 
38 52 91 
38 72 82 
38 90 70 
38 8 70 
38 86 91 
56 14 91 
56 17 32 
56 17 38 
56 34 10 
56 34 91 
56 34 70 
56 42 70 
56 85 38 
56 92 82 
56 47 70 
56 69 91 
70 95 56 
70 15 56 
70 20 91 
82 21 70 
82 45 32 
82 45 10 
82 54 32 
82 54 70 
82 87 22 
82 87 56 
82 4 91 
82 18 10 
82 28 38 
82 47 56 
82 47 70 
82 53 70 
82 68 56 
82 33 56 
82 74 70 
91 19 56 
91 51 10 
91 77 10 
91 77 56 
91 34 70 
91 48 56 
2 54 42 
2 64 42 
2 39 73 
36 16 73 
36 16 42 
36 24 96 
36 24 42 
36 41 96 
36 41 12 
36 57 73 
36 75 2 
36 90 2 
36 5 2 
36 6 59 
36 6 73 
36 37 63 
36 37 73 
36 76 63 
36 85 42 
36 85 96 
36 50 42 
36 74 12 
42 14 63 
42 14 73 
42 17 63 
42 62 96 
42 85 96 
42 92 73 
42 92 12 
42 70 36 
42 78 73 
59 6 73 
59 21 12 
59 35 63 
59 35 42 
59 43 73 
59 71 63 
59 80 96 
59 25 73 
59 46 2 
59 65 12 
59 89 63 
59 3 42 
59 23 96 
59 49 96 
59 49 2 
59 74 36 
59 74 12 
63 14 73 
63 18 59 
63 27 96 
63 27 2 
63 37 73 
63 93 36 
63 13 96 
63 35 42 
63 46 59 
63 46 2 
63 55 96 
63 79 42 
63 15 73 
63 15 36 
63 32 2 
63 49 59 
63 49 96 
63 49 2 
73 26 96 
73 26 12 
73 77 59 
73 15 36 
73 16 42 
73 92 12 
96 9 73 
96 19 73 
96 41 12 
96 66 2 
96 83 2 
96 27 2 
96 58 12 
96 78 42 
96 78 73 
96 24 42 
96 26 12 
96 49 2 
16 21 90 
16 21 41 
16 27 90 
16 54 75 
16 54 24 
16 61 57 
16 87 60 
16 15 36 
16 53 90 
16 73 57 
16 50 75 
24 31 75 
24 31 57 
24 40 90 
24 74 36 
24 74 41 
24 26 41 
24 49 90 
24 67 75 
24 42 16 
24 70 36 
24 70 90 
24 78 57 
36 5 60 
36 5 90 
36 5 75 
36 6 57 
36 37 16 
36 61 16 
36 61 57 
36 85 41 
36 50 16 
36 50 75 
36 70 90 
36 74 41 
41 9 57 
41 28 90 
41 55 75 
41 66 60 
41 66 90 
41 83 75 
41 83 90 
41 96 24 
41 8 90 
41 11 75 
41 11 24 
41 67 24 
41 67 75 
41 79 16 
41 94 16 
57 1 90 
57 4 24 
57 33 75 
57 43 75 
57 79 41 
57 79 16 
57 93 36 
57 92 41 
60 11 41 
60 11 75 
60 11 24 
60 20 36 
60 44 24 
60 64 75 
60 64 16 
60 5 90 
60 5 75 
60 7 24 
60 25 16 
60 66 90 
60 78 24 
60 78 57 
60 88 75 
75 2 90 
75 32 41 
75 54 24 
75 64 16 
75 83 90 
75 11 24 
75 39 90 
75 39 57 
75 65 41 
75 31 57 
90 5 75 
90 17 75 
90 52 41 
90 65 75 
90 65 41 
90 21 41 
90 39 57 
5 7 76 
5 25 37 
5 25 85 
5 48 68 
5 78 6 
5 38 85 
6 21 61 
6 35 37 
6 43 61 
6 71 37 
6 71 85 
6 88 5 
6 38 5 
6 38 85 
6 50 36 
6 69 37 
6 69 76 
6 95 68 
36 15 68 
37 1 61 
37 1 85 
37 19 85 
37 19 76 
37 48 5 
37 48 68 
37 64 5 
37 81 61 
37 89 76 
37 18 76 
37 52 5 
37 63 76 
37 71 85 
37 93 61 
37 93 36 
37 15 36 
37 15 68 
37 25 85 
37 69 76 
37 73 6 
61 16 37 
61 27 37 
61 45 76 
61 54 5 
61 82 68 
61 87 76 
61 8 85 
61 29 76 
61 44 76 
61 95 6 
61 95 68 
61 1 85 
61 33 68 
61 57 6 
61 93 36 
68 4 61 
68 18 37 
68 18 76 
68 28 85 
68 28 5 
68 47 76 
68 47 36 
68 53 37 
68 92 6 
68 9 6 
76 15 37 
76 15 36 
76 15 68 
76 17 5 
76 32 5 
76 31 6 
76 94 37 
76 47 36 
76 56 68 
85 14 37 
85 17 76 
85 17 5 
85 56 76 
85 56 68 
85 62 76 
85 92 68 
85 92 6 
85 9 68 
85 9 6 
85 19 76 
85 28 5 
85 55 76 
85 66 5 
85 83 5 
6 23 59 
6 38 71 
6 50 43 
6 95 35 
6 92 21 
21 27 71 
21 45 88 
21 54 35 
21 61 43 
21 82 59 
21 87 35 
35 1 43 
35 1 71 
35 19 43 
35 37 71 
35 48 88 
35 89 59 
35 89 71 
35 13 43 
35 46 59 
35 55 88 
35 79 43 
35 70 21 
35 78 6 
43 14 88 
43 26 80 
43 26 21 
43 51 88 
43 51 71 
43 73 6 
43 77 59 
43 1 71 
43 4 80 
43 33 59 
43 33 88 
43 57 6 
43 31 6 
59 10 88 
59 25 88 
59 25 71 
59 65 88 
59 65 21 
59 89 71 
59 33 88 
59 49 80 
59 74 21 
71 14 43 
71 14 88 
71 18 59 
71 63 35 
71 93 43 
71 24 80 
71 24 35 
71 31 43 
71 31 6 
71 40 21 
71 74 59 
71 74 21 
71 8 21 
71 58 21 
80 24 35 
80 26 21 
80 67 43 
88 9 6 
88 34 21 
88 51 71 
88 72 59 
88 84 6 
88 7 71 
88 25 71 
88 78 35 
88 78 6 
88 11 35 
88 39 6 
88 65 21 
88 75 43 
16 53 21 
16 69 87 
21 90 27 
27 37 16 
27 63 87 
27 63 45 
27 93 61 
27 40 21 
27 58 21 
27 78 54 
45 15 16 
45 32 54 
45 49 82 
45 49 27 
45 76 87 
45 34 21 
45 51 61 
45 72 82 
45 84 27 
54 2 27 
54 64 16 
54 83 21 
54 42 16 
54 70 21 
61 8 21 
61 13 27 
61 29 87 
61 29 16 
61 95 54 
61 1 27 
61 33 82 
61 79 16 
82 4 61 
82 18 27 
82 47 87 
82 53 16 
82 53 21 
82 92 21 
82 3 16 
82 23 27 
82 49 27 
82 74 21 
87 13 61 
87 13 27 
87 35 54 
87 46 54 
87 63 45 
87 79 61 
87 79 16 
87 11 54 
87 44 61 
87 64 54 
87 64 16 
87 29 16 
14 18 62 
14 27 62 
14 52 17 
14 52 34 
14 63 17 
14 71 85 
14 19 56 
14 26 92 
14 43 17 
14 51 34 
14 73 92 
14 77 56 
14 91 34 
14 11 42 
14 33 56 
14 39 92 
14 65 92 
14 75 17 
17 15 56 
17 45 34 
17 76 62 
17 76 56 
17 38 85 
17 52 34 
17 65 14 
17 65 92 
17 90 34 
17 31 92 
34 9 56 
34 9 92 
34 72 17 
34 88 14 
34 48 56 
34 21 92 
42 70 34 
42 78 92 
42 95 56 
42 50 17 
42 86 34 
56 29 42 
56 69 34 
56 9 92 
62 3 42 
62 31 17 
62 31 92 
62 55 14 
62 76 56 
62 13 17 
62 40 34 
62 58 85 
62 58 92 
62 78 42 
62 78 92 
85 9 34 
85 9 56 
85 9 92 
85 19 14 
85 19 56 
85 28 17 
85 41 92 
85 55 62 
85 55 14 
85 83 34 
85 96 62 
85 8 34 
85 58 92 
85 86 42 
85 86 34 
92 4 34 
92 18 14 
92 18 62 
92 28 85 
92 28 17 
92 47 56 
92 53 34 
92 68 56 
1 4 48 
1 33 48 
1 79 64 
1 86 64 
1 86 48 
19 9 48 
19 66 48 
19 66 1 
19 83 64 
19 85 1 
19 43 1 
19 51 81 
19 51 89 
19 73 37 
19 77 89 
19 77 48 
19 91 48 
19 29 64 
19 56 48 
19 69 48 
35 13 81 
35 46 89 
35 46 64 
35 55 19 
35 63 89 
35 79 1 
35 79 64 
35 87 64 
35 87 19 
35 42 64 
35 95 48 
37 14 19 
37 18 89 
37 27 1 
37 52 48 
37 63 35 
37 63 89 
37 71 89 
37 71 1 
37 93 1 
37 15 48 
37 16 64 
37 25 1 
37 69 19 
37 69 48 
48 5 64 
48 7 89 
48 7 19 
48 25 37 
48 25 1 
48 66 1 
48 78 35 
64 11 35 
64 20 48 
64 44 81 
64 60 48 
64 77 19 
64 77 89 
64 77 48 
64 87 19 
64 2 1 
64 54 35 
64 86 48 
81 8 1 
81 29 19 
81 29 64 
81 51 89 
81 61 1 
81 95 35 
81 95 48 
89 25 48 
89 25 37 
89 25 1 
89 46 64 
89 77 48 
89 15 37 
89 15 48 
89 32 64 
89 49 1 
89 76 19 
89 7 19 
89 24 35 
89 71 1 
4 33 82 
4 33 68 
4 57 92 
4 93 47 
4 26 92 
4 34 53 
4 48 68 
18 37 53 
18 52 28 
18 52 4 
18 93 4 
18 93 47 
18 25 53 
18 59 82 
18 65 28 
18 65 92 
18 77 68 
18 31 92 
18 44 4 
18 76 47 
18 94 53 
28 9 68 
28 9 92 
28 19 47 
28 41 92 
28 55 18 
28 83 53 
28 96 4 
28 52 4 
28 65 92 
28 72 82 
28 90 53 
47 56 68 
47 69 4 
47 15 68 
47 20 4 
47 70 53 
47 74 92 
53 15 47 
53 15 68 
53 69 47 
53 69 4 
53 73 92 
53 21 92 
68 9 92 
82 3 18 
82 33 68 
82 49 4 
82 74 47 
82 74 92 
7 5 72 
7 5 83 
7 25 58 
7 66 39 
7 78 58 
7 78 39 
7 88 39 
7 31 39 
7 40 58 
7 40 83 
7 71 58 
7 74 72 
7 74 93 
7 74 58 
7 47 93 
22 13 58 
22 46 83 
22 55 83 
22 55 39 
22 79 93 
22 87 30 
22 87 7 
30 11 39 
30 20 93 
30 60 7 
30 64 83 
30 87 7 
30 6 39 
30 23 72 
30 23 58 
30 38 72 
30 38 58 
30 50 93 
30 69 7 
30 84 39 
39 65 58 
39 92 58 
58 27 39 
58 40 83 
58 78 39 
58 1 39 
58 8 83 
72 9 39 
72 34 83 
72 51 7 
72 84 30 
72 84 39 
72 88 7 
72 88 39 
72 5 83 
72 38 58 
72 65 39 
72 65 58 
72 90 83 
72 90 39 
72 23 58 
72 33 39 
72 49 39 
72 74 93 
72 74 58 
83 9 72 
83 9 39 
83 19 7 
83 28 72 
83 41 58 
83 55 39 
83 66 7 
83 66 39 
83 85 58 
83 96 58 
83 2 39 
83 75 39 
83 21 58 
83 90 39 
93 14 39 
93 27 58 
93 27 39 
93 52 72 
93 63 22 
93 71 7 
93 71 58 
93 1 58 
93 1 39 
93 33 72 
93 33 39 
93 57 39 
93 70 83 
93 74 58 
14 43 93 
14 51 71 
14 73 37 
14 77 18 
14 91 52 
14 39 27 
18 25 37 
18 25 71 
18 65 52 
18 65 14 
18 89 63 
18 89 71 
18 55 14 
18 62 27 
18 94 52 
18 94 37 
27 58 71 
37 15 93 
37 25 71 
37 69 52 
52 38 71 
52 65 14 
52 90 27 
52 8 71 
52 11 14 
52 94 37 
63 13 27 
63 46 18 
63 55 18 
63 55 14 
63 79 93 
63 79 52 
63 15 37 
63 15 93 
63 17 52 
63 32 52 
63 49 27 
63 76 18 
63 89 71 
71 31 18 
71 40 27 
71 74 93 
71 1 27 
71 86 52 
93 1 71 
93 1 27 
93 4 52 
93 33 14 
93 79 52 
93 20 52 
13 8 79 
13 29 87 
13 29 79 
13 44 55 
13 61 79 
13 95 35 
13 78 35 
35 42 79 
46 18 55 
46 65 55 
46 89 63 
46 32 79 
46 54 35 
46 64 79 
46 75 55 
46 75 13 
55 19 87 
55 41 79 
55 83 46 
55 96 13 
55 3 79 
55 31 13 
55 62 13 
55 76 87 
55 94 79 
55 11 35 
55 75 13 
63 17 13 
63 32 46 
63 32 79 
63 76 55 
63 76 87 
79 33 55 
79 43 13 
79 11 55 
79 11 35 
79 67 13 
79 50 13 
87 11 79 
87 11 55 
87 11 35 
87 44 13 
87 44 55 
87 64 46 
87 64 79 
87 77 46 
87 29 79 
11 52 20 
11 67 44 
11 79 64 
11 33 77 
11 42 64 
11 70 20 
11 95 77 
20 15 77 
20 50 64 
20 48 77 
30 50 20 
30 50 64 
30 69 87 
30 69 20 
30 95 11 
30 95 77 
44 8 11 
44 29 87 
44 29 64 
44 95 30 
44 95 11 
44 95 77 
44 3 64 
44 55 11 
44 76 87 
44 94 11 
44 4 20 
44 24 11 
60 5 64 
60 7 87 
60 48 20 
60 48 77 
60 78 11 
60 88 11 
64 32 11 
64 54 11 
64 75 11 
64 86 20 
77 14 11 
77 19 87 
77 26 44 
77 51 44 
77 91 20 
77 18 44 
77 25 60 
77 46 64 
77 65 11 
87 29 64 
87 47 20 
87 56 77 
87 69 20 
9 34 83 
9 72 28 
9 84 66 
9 88 66 
9 88 55 
9 92 41 
19 14 55 
19 26 96 
19 26 41 
19 51 9 
19 73 9 
19 77 9 
19 56 9 
28 5 83 
28 38 85 
28 52 41 
28 65 55 
28 65 41 
28 90 83 
28 90 66 
41 8 85 
41 8 83 
41 11 55 
41 67 96 
55 31 9 
55 44 96 
55 62 96 
55 76 19 
55 94 41 
55 33 9 
55 39 66 
55 39 9 
55 65 41 
66 5 28 
66 5 83 
66 7 19 
66 25 85 
66 48 9 
66 78 96 
66 78 9 
66 88 55 
66 39 9 
83 2 66 
83 32 41 
83 75 55 
83 21 41 
83 90 66 
85 1 66 
85 8 83 
85 58 41 
96 27 66 
96 40 83 
96 58 85 
96 58 41 
96 78 9 
96 26 41 
96 49 66 
14 33 77 
14 39 73 
14 65 26 
14 75 43 
19 56 77 
19 69 91 
26 4 91 
26 67 43 
43 4 26 
43 4 91 
43 33 14 
43 33 77 
43 57 73 
43 31 73 
51 9 77 
51 9 73 
51 34 91 
51 88 14 
51 13 43 
51 29 19 
51 44 26 
51 61 43 
51 95 77 
51 7 19 
51 24 26 
51 31 43 
51 31 73 
51 74 26 
73 15 77 
73 69 19 
73 69 91 
73 92 26 
77 10 51 
77 25 73 
77 65 14 
77 65 26 
77 89 51 
77 9 73 
91 48 77 
10 9 77 
10 51 89 
10 72 65 
10 72 59 
10 88 25 
10 88 65 
18 55 65 
18 94 25 
25 5 65 
25 5 46 
25 7 89 
25 48 77 
25 88 65 
25 15 77 
25 58 65 
46 75 65 
59 3 18 
59 33 65 
59 33 77 
59 74 65 
65 5 46 
65 38 25 
65 72 59 
65 33 77 
89 15 25 
89 15 77 
89 17 65 
89 32 46 
89 45 10 
89 49 59 
89 76 18 
89 31 18 
89 71 25 
89 74 59 
89 74 65 
15 69 76 
15 50 17 
17 5 32 
17 52 32 
17 72 49 
17 90 49 
32 2 49 
32 75 17 
32 67 49 
32 67 17 
32 94 15 
45 9 15 
45 51 89 
45 72 17 
45 72 49 
45 84 49 
49 3 76 
49 33 15 
49 74 15 
49 67 17 
76 31 17 
76 44 49 
76 94 32 
76 94 15 
76 47 15 
76 56 15 
89 7 76 
89 24 49 
89 31 76 
89 31 17 
89 74 49 
89 74 15 
34 48 9 
34 90 84 
51 8 34 
51 95 84 
51 95 9 
51 31 9 
51 40 34 
51 74 72 
72 52 34 
72 65 88 
72 90 34 
72 90 84 
72 33 88 
72 33 9 
72 49 84 
84 6 9 
84 23 72 
84 38 72 
84 69 34 
84 95 9 
84 39 9 
88 5 72 
88 7 51 
88 48 34 
88 48 9 
88 66 84 
88 78 9 
88 33 9 
88 39 84 
88 39 9 
8 11 95 
8 67 44 
8 67 13 
8 79 29 
8 86 29 
13 40 8 
13 58 8 
13 78 95 
13 96 44 
29 56 95 
29 50 13 
44 3 29 
44 31 13 
44 62 13 
44 76 29 
44 94 8 
44 24 95 
44 67 13 
51 7 29 
51 24 44 
51 24 95 
51 31 44 
51 31 13 
51 40 13 
51 40 8 
51 71 8 
61 1 8 
61 4 44 
61 33 95 
61 43 13 
61 79 8 
61 79 29 
95 23 13 
95 38 8 
95 50 29 
95 50 13 
95 69 29 
95 42 29 
95 70 8 
23 3 50 
23 33 95 
23 49 84 
23 74 50 
23 13 50 
23 27 84 
23 58 38 
23 78 95 
23 78 6 
38 17 50 
38 52 69 
38 72 23 
38 90 84 
38 1 84 
38 86 50 
38 86 69 
50 15 95 
50 20 69 
50 86 69 
50 31 6 
69 15 50 
69 15 95 
69 16 50 
69 25 38 
69 73 6 
69 29 50 
69 47 50 
69 56 95 
69 48 95 
84 39 6 
95 42 50 
95 70 50 
95 78 6 
95 9 6 
5 38 25 
5 52 48 
5 65 88 
5 90 66 
5 2 66 
5 54 78 
5 75 88 
7 24 78 
7 31 78 
7 40 78 
7 71 25 
7 56 48 
7 69 48 
25 15 48 
25 69 7 
25 69 48 
25 73 78 
25 1 66 
25 86 48 
48 9 78 
66 39 78 
78 27 66 
78 58 25 
78 95 48 
88 11 78 
88 33 48 
88 39 66 
88 39 78 
7 47 74 
24 26 74 
24 67 31 
24 70 74 
24 70 40 
24 78 31 
31 44 24 
31 62 40 
31 76 7 
31 92 74 
40 13 31 
40 58 71 
40 58 74 
40 78 24 
40 78 31 
40 96 24 
40 21 74 
71 8 40 
71 58 74 
74 3 31 
74 23 40 
74 49 24 
74 50 31 
74 70 40 
5 2 90 
5 32 52 
5 75 65 
5 75 17 
5 83 90 
38 1 90 
38 8 90 
38 58 65 
38 86 52 
52 8 38 
52 8 90 
52 11 65 
52 41 65 
52 67 17 
52 34 90 
65 39 90 
65 75 17 
72 33 65 
72 49 90 
72 74 65 
90 21 65 
1 86 79 
1 86 4 
1 39 57 
4 49 1 
4 67 43 
4 48 33 
33 3 79 
33 49 4 
33 49 1 
33 74 93 
33 39 1 
33 39 57 
33 75 43 
33 9 57 
43 31 57 
79 8 1 
79 11 33 
79 52 4 
79 67 4 
79 67 43 
79 50 43 
79 86 4 
93 15 33 
93 20 4 
93 50 79 
93 50 43 
32 8 83 
32 11 75 
32 11 54 
32 67 75 
32 79 64 
54 42 64 
54 70 83 
64 50 75 
75 11 54 
75 39 2 
83 90 2 
3 44 49 
3 55 33 
3 62 23 
23 27 49 
23 58 74 
23 96 49 
33 39 49 
33 65 74 
49 26 74 
74 15 33 
74 50 3 
3 50 31 
44 67 31 
55 39 31 
55 75 31 
62 13 31 
62 78 31 
62 96 44 
76 29 3 
94 11 55 
94 67 44 
94 67 31 
94 79 3 
94 16 3 
94 69 76 
94 73 31 
8 58 41 
8 86 79 
8 86 52 
8 21 41 
11 65 41 
11 75 67 
11 42 79 
11 70 8 
52 34 8 
67 4 52 
67 24 11 
67 26 41 
79 50 67 
79 86 52 
94 16 79 
94 25 8 
94 53 8 
94 69 52 
13 31 78 
27 39 78 
40 21 58 
40 90 27 
58 1 27 
58 8 40 
78 70 40 
78 92 58 
96 24 78 
96 26 58 
96 49 27 
96 67 13 
15 20 69 
15 50 16 
15 70 53 
15 9 73 
16 86 69 
25 8 53 
25 86 16 
25 86 69 
69 29 16 
69 47 15 
69 56 15 
69 34 53 
69 48 15 
8 21 58 
8 90 1 
86 34 8 
11 78 39 
11 95 33 
33 9 39 
39 92 65 
75 31 39 
29 86 69 
47 15 56 
47 20 69 
47 50 29 
69 48 56 
70 15 95 
70 50 42 
95 9 78 
20 34 70 
20 48 15 
50 86 20 
70 21 74 
