3942
1 131 217 
1 195 217 
1 235 136 
1 127 217 
1 240 298 
1 116 217 
1 284 298 
1 81 217 
1 230 136 
1 230 109 
1 226 109 
1 123 217 
1 624 217 
109 6 217 
109 38 136 
109 239 1 
109 24 217 
109 72 136 
109 288 217 
109 251 217 
109 8 217 
109 8 136 
109 237 1 
109 52 217 
136 230 109 
217 114 136 
217 10 109 
217 122 1 
217 246 1 
217 15 109 
217 8 136 
298 13 109 
298 233 1 
2 132 218 
2 196 218 
2 236 137 
2 128 218 
2 241 299 
2 117 218 
2 285 299 
2 55 218 
2 231 137 
2 231 110 
2 227 110 
2 124 218 
2 625 218 
110 7 218 
110 39 137 
110 240 2 
110 25 218 
110 73 137 
110 289 218 
110 252 218 
110 9 218 
110 9 137 
110 238 2 
110 53 218 
137 231 110 
218 115 137 
218 11 110 
218 123 2 
218 247 2 
218 16 110 
218 9 137 
299 14 110 
299 234 2 
3 133 219 
3 197 219 
3 237 138 
3 129 219 
3 242 300 
3 118 219 
3 286 300 
3 56 219 
3 232 138 
3 232 111 
3 228 111 
3 125 219 
3 626 219 
111 8 219 
111 40 138 
111 241 3 
111 26 219 
111 74 138 
111 290 219 
111 253 219 
111 10 219 
111 10 138 
111 239 3 
111 54 219 
138 232 111 
219 116 138 
219 12 111 
219 124 3 
219 248 3 
219 17 111 
219 10 138 
300 15 111 
300 235 3 
4 134 220 
4 198 220 
4 238 139 
4 130 220 
4 243 301 
4 119 220 
4 287 301 
4 57 220 
4 233 139 
4 233 112 
4 229 112 
4 126 220 
4 627 220 
112 9 220 
112 41 139 
112 242 4 
112 27 220 
112 75 139 
112 291 220 
112 254 220 
112 11 220 
112 11 139 
112 240 4 
112 28 220 
139 233 112 
220 117 139 
220 13 112 
220 125 4 
220 249 4 
220 18 112 
220 11 139 
301 16 112 
301 236 4 
5 135 221 
5 199 221 
5 239 140 
5 131 221 
5 217 302 
5 120 221 
5 288 302 
5 58 221 
5 234 140 
5 234 113 
5 230 113 
5 127 221 
5 628 221 
113 10 221 
113 42 140 
113 243 5 
113 1 221 
113 76 140 
113 292 221 
113 255 221 
113 12 221 
113 12 140 
113 241 5 
113 29 221 
140 234 113 
221 118 140 
221 14 113 
221 126 5 
221 250 5 
221 19 113 
221 12 140 
302 17 113 
302 237 5 
6 109 222 
6 200 222 
6 240 141 
6 132 222 
6 218 303 
6 121 222 
6 289 303 
6 59 222 
6 235 141 
6 235 114 
6 231 114 
6 128 222 
6 629 222 
114 11 222 
114 43 141 
114 217 6 
114 2 222 
114 77 141 
114 293 222 
114 256 222 
114 13 222 
114 13 141 
114 242 6 
114 30 222 
141 235 114 
222 119 141 
222 15 114 
222 127 6 
222 251 6 
222 20 114 
222 13 141 
303 18 114 
303 238 6 
7 110 223 
7 201 223 
7 241 142 
7 133 223 
7 219 304 
7 122 223 
7 290 304 
7 60 223 
7 236 142 
7 236 115 
7 232 115 
7 129 223 
7 630 223 
115 12 223 
115 44 142 
115 218 7 
115 3 223 
115 78 142 
115 294 223 
115 257 223 
115 14 223 
115 14 142 
115 243 7 
115 31 223 
142 236 115 
223 120 142 
223 16 115 
223 128 7 
223 252 7 
223 21 115 
223 14 142 
304 19 115 
304 239 7 
8 111 224 
8 202 224 
8 242 143 
8 134 224 
8 220 305 
8 123 224 
8 291 305 
8 61 224 
8 237 143 
8 237 116 
8 233 116 
8 130 224 
8 631 224 
116 13 224 
116 45 143 
116 219 8 
116 4 224 
116 79 143 
116 295 224 
116 258 224 
116 15 224 
116 15 143 
116 217 8 
116 32 224 
143 237 116 
224 121 143 
224 17 116 
224 129 8 
224 253 8 
224 22 116 
224 15 143 
305 20 116 
305 240 8 
9 112 225 
9 203 225 
9 243 144 
9 135 225 
9 221 306 
9 124 225 
9 292 306 
9 62 225 
9 238 144 
9 238 117 
9 234 117 
9 131 225 
9 632 225 
117 14 225 
117 46 144 
117 220 9 
117 5 225 
117 80 144 
117 296 225 
117 259 225 
117 16 225 
117 16 144 
117 218 9 
117 33 225 
144 238 117 
225 122 144 
225 18 117 
225 130 9 
225 254 9 
225 23 117 
225 16 144 
306 21 117 
306 241 9 
10 113 226 
10 204 226 
10 217 145 
10 109 226 
10 222 307 
10 125 226 
10 293 307 
10 63 226 
10 239 145 
10 239 118 
10 235 118 
10 132 226 
10 633 226 
118 15 226 
118 47 145 
118 221 10 
118 6 226 
118 81 145 
118 297 226 
118 260 226 
118 17 226 
118 17 145 
118 219 10 
118 34 226 
145 239 118 
226 123 145 
226 19 118 
226 131 10 
226 255 10 
226 24 118 
226 17 145 
307 22 118 
307 242 10 
11 114 227 
11 205 227 
11 218 146 
11 110 227 
11 223 308 
11 126 227 
11 294 308 
11 64 227 
11 240 146 
11 240 119 
11 236 119 
11 133 227 
11 634 227 
119 16 227 
119 48 146 
119 222 11 
119 7 227 
119 55 146 
119 271 227 
119 261 227 
119 18 227 
119 18 146 
119 220 11 
119 35 227 
146 240 119 
227 124 146 
227 20 119 
227 132 11 
227 256 11 
227 25 119 
227 18 146 
308 23 119 
308 243 11 
12 115 228 
12 206 228 
12 219 147 
12 111 228 
12 224 309 
12 127 228 
12 295 309 
12 65 228 
12 241 147 
12 241 120 
12 237 120 
12 134 228 
12 635 228 
120 17 228 
120 49 147 
120 223 12 
120 8 228 
120 56 147 
120 272 228 
120 262 228 
120 19 228 
120 19 147 
120 221 12 
120 36 228 
147 241 120 
228 125 147 
228 21 120 
228 133 12 
228 257 12 
228 26 120 
228 19 147 
309 24 120 
309 217 12 
13 116 229 
13 207 229 
13 220 148 
13 112 229 
13 225 310 
13 128 229 
13 296 310 
13 66 229 
13 242 148 
13 242 121 
13 238 121 
13 135 229 
13 636 229 
121 18 229 
121 50 148 
121 224 13 
121 9 229 
121 57 148 
121 273 229 
121 263 229 
121 20 229 
121 20 148 
121 222 13 
121 37 229 
148 242 121 
229 126 148 
229 22 121 
229 134 13 
229 258 13 
229 27 121 
229 20 148 
310 25 121 
310 218 13 
14 117 230 
14 208 230 
14 221 149 
14 113 230 
14 226 311 
14 129 230 
14 297 311 
14 67 230 
14 243 149 
14 243 122 
14 239 122 
14 109 230 
14 637 230 
122 19 230 
122 51 149 
122 225 14 
122 10 230 
122 58 149 
122 274 230 
122 264 230 
122 21 230 
122 21 149 
122 223 14 
122 38 230 
149 243 122 
230 127 149 
230 23 122 
230 135 14 
230 259 14 
230 1 122 
230 21 149 
311 26 122 
311 219 14 
15 118 231 
15 209 231 
15 222 150 
15 114 231 
15 227 312 
15 130 231 
15 271 312 
15 68 231 
15 217 150 
15 217 123 
15 240 123 
15 110 231 
15 638 231 
123 20 231 
123 52 150 
123 226 15 
123 11 231 
123 59 150 
123 275 231 
123 265 231 
123 22 231 
123 22 150 
123 224 15 
123 39 231 
150 217 123 
231 128 150 
231 24 123 
231 109 15 
231 260 15 
231 2 123 
231 22 150 
312 27 123 
312 220 15 
16 119 232 
16 210 232 
16 223 151 
16 115 232 
16 228 313 
16 131 232 
16 272 313 
16 69 232 
16 218 151 
16 218 124 
16 241 124 
16 111 232 
16 639 232 
124 21 232 
124 53 151 
124 227 16 
124 12 232 
124 60 151 
124 276 232 
124 266 232 
124 23 232 
124 23 151 
124 225 16 
124 40 232 
151 218 124 
232 129 151 
232 25 124 
232 110 16 
232 261 16 
232 3 124 
232 23 151 
313 1 124 
313 221 16 
17 120 233 
17 211 233 
17 224 152 
17 116 233 
17 229 314 
17 132 233 
17 273 314 
17 70 233 
17 219 152 
17 219 125 
17 242 125 
17 112 233 
17 640 233 
125 22 233 
125 54 152 
125 228 17 
125 13 233 
125 61 152 
125 277 233 
125 267 233 
125 24 233 
125 24 152 
125 226 17 
125 41 233 
152 219 125 
233 130 152 
233 26 125 
233 111 17 
233 262 17 
233 4 125 
233 24 152 
314 2 125 
314 222 17 
18 121 234 
18 212 234 
18 225 153 
18 117 234 
18 230 315 
18 133 234 
18 274 315 
18 71 234 
18 220 153 
18 220 126 
18 243 126 
18 113 234 
18 641 234 
126 23 234 
126 28 153 
126 229 18 
126 14 234 
126 62 153 
126 278 234 
126 268 234 
126 25 234 
126 25 153 
126 227 18 
126 42 234 
153 220 126 
234 131 153 
234 27 126 
234 112 18 
234 263 18 
234 5 126 
234 25 153 
315 3 126 
315 223 18 
19 122 235 
19 213 235 
19 226 154 
19 118 235 
19 231 316 
19 134 235 
19 275 316 
19 72 235 
19 221 154 
19 221 127 
19 217 127 
19 114 235 
19 642 235 
127 24 235 
127 29 154 
127 230 19 
127 15 235 
127 63 154 
127 279 235 
127 269 235 
127 26 235 
127 26 154 
127 228 19 
127 43 235 
154 221 127 
235 132 154 
235 1 127 
235 113 19 
235 264 19 
235 6 127 
235 26 154 
316 4 127 
316 224 19 
20 123 236 
20 214 236 
20 227 155 
20 119 236 
20 232 317 
20 135 236 
20 276 317 
20 73 236 
20 222 155 
20 222 128 
20 218 128 
20 115 236 
20 643 236 
128 25 236 
128 30 155 
128 231 20 
128 16 236 
128 64 155 
128 280 236 
128 270 236 
128 27 236 
128 27 155 
128 229 20 
128 44 236 
155 222 128 
236 133 155 
236 2 128 
236 114 20 
236 265 20 
236 7 128 
236 27 155 
317 5 128 
317 225 20 
21 124 237 
21 215 237 
21 228 156 
21 120 237 
21 233 318 
21 109 237 
21 277 318 
21 74 237 
21 223 156 
21 223 129 
21 219 129 
21 116 237 
21 644 237 
129 26 237 
129 31 156 
129 232 21 
129 17 237 
129 65 156 
129 281 237 
129 244 237 
129 1 237 
129 1 156 
129 230 21 
129 45 237 
156 223 129 
237 134 156 
237 3 129 
237 115 21 
237 266 21 
237 8 129 
237 1 156 
318 6 129 
318 226 21 
22 125 238 
22 216 238 
22 229 157 
22 121 238 
22 234 319 
22 110 238 
22 278 319 
22 75 238 
22 224 157 
22 224 130 
22 220 130 
22 117 238 
22 645 238 
130 27 238 
130 32 157 
130 233 22 
130 18 238 
130 66 157 
130 282 238 
130 245 238 
130 2 238 
130 2 157 
130 231 22 
130 46 238 
157 224 130 
238 135 157 
238 4 130 
238 116 22 
238 267 22 
238 9 130 
238 2 157 
319 7 130 
319 227 22 
23 126 239 
23 190 239 
23 230 158 
23 122 239 
23 235 320 
23 111 239 
23 279 320 
23 76 239 
23 225 158 
23 225 131 
23 221 131 
23 118 239 
23 646 239 
131 1 239 
131 33 158 
131 234 23 
131 19 239 
131 67 158 
131 283 239 
131 246 239 
131 3 239 
131 3 158 
131 232 23 
131 47 239 
158 225 131 
239 109 158 
239 5 131 
239 117 23 
239 268 23 
239 10 131 
239 3 158 
320 8 131 
320 228 23 
24 127 240 
24 191 240 
24 231 159 
24 123 240 
24 236 321 
24 112 240 
24 280 321 
24 77 240 
24 226 159 
24 226 132 
24 222 132 
24 119 240 
24 647 240 
132 2 240 
132 34 159 
132 235 24 
132 20 240 
132 68 159 
132 284 240 
132 247 240 
132 4 240 
132 4 159 
132 233 24 
132 48 240 
159 226 132 
240 110 159 
240 6 132 
240 118 24 
240 269 24 
240 11 132 
240 4 159 
321 9 132 
321 229 24 
25 128 241 
25 192 241 
25 232 160 
25 124 241 
25 237 322 
25 113 241 
25 281 322 
25 78 241 
25 227 160 
25 227 133 
25 223 133 
25 120 241 
25 648 241 
133 3 241 
133 35 160 
133 236 25 
133 21 241 
133 69 160 
133 285 241 
133 248 241 
133 5 241 
133 5 160 
133 234 25 
133 49 241 
160 227 133 
241 111 160 
241 7 133 
241 119 25 
241 270 25 
241 12 133 
241 5 160 
322 10 133 
322 230 25 
26 129 242 
26 193 242 
26 233 161 
26 125 242 
26 238 323 
26 114 242 
26 282 323 
26 79 242 
26 228 161 
26 228 134 
26 224 134 
26 121 242 
26 622 242 
134 4 242 
134 36 161 
134 237 26 
134 22 242 
134 70 161 
134 286 242 
134 249 242 
134 6 242 
134 6 161 
134 235 26 
134 50 242 
161 228 134 
242 112 161 
242 8 134 
242 120 26 
242 244 26 
242 13 134 
242 6 161 
323 11 134 
323 231 26 
27 130 243 
27 194 243 
27 234 162 
27 126 243 
27 239 324 
27 115 243 
27 283 324 
27 80 243 
27 229 162 
27 229 135 
27 225 135 
27 122 243 
27 623 243 
135 5 243 
135 37 162 
135 238 27 
135 23 243 
135 71 162 
135 287 243 
135 250 243 
135 7 243 
135 7 162 
135 236 27 
135 51 243 
162 229 135 
243 113 162 
243 9 135 
243 121 27 
243 245 27 
243 14 135 
243 7 162 
324 12 135 
324 232 27 
23 135 229 
23 122 229 
23 235 126 
23 111 28 
23 243 126 
23 76 190 
23 118 190 
23 228 126 
23 112 229 
28 112 23 
28 112 229 
28 220 126 
126 221 23 
126 27 229 
126 239 190 
126 268 23 
126 11 229 
126 523 23 
126 240 190 
163 123 190 
163 511 23 
229 22 163 
229 17 28 
229 447 126 
229 124 23 
229 128 163 
229 4 126 
229 20 126 
229 2 190 
379 119 23 
379 241 23 
24 109 230 
24 123 230 
24 236 127 
24 112 29 
24 217 127 
24 77 191 
24 119 191 
24 229 127 
24 113 230 
29 113 24 
29 113 230 
29 221 127 
127 222 24 
127 1 230 
127 240 191 
127 269 24 
127 12 230 
127 524 24 
127 241 191 
164 124 191 
164 512 24 
230 23 164 
230 18 29 
230 448 127 
230 125 24 
230 129 164 
230 5 127 
230 21 127 
230 3 191 
380 120 24 
380 242 24 
25 110 231 
25 124 231 
25 237 128 
25 113 30 
25 218 128 
25 78 192 
25 120 192 
25 230 128 
25 114 231 
30 114 25 
30 114 231 
30 222 128 
128 223 25 
128 2 231 
128 241 192 
128 270 25 
128 13 231 
128 525 25 
128 242 192 
165 125 192 
165 513 25 
231 24 165 
231 19 30 
231 449 128 
231 126 25 
231 130 165 
231 6 128 
231 22 128 
231 4 192 
381 121 25 
381 243 25 
26 111 232 
26 125 232 
26 238 129 
26 114 31 
26 219 129 
26 79 193 
26 121 193 
26 231 129 
26 115 232 
31 115 26 
31 115 232 
31 223 129 
129 224 26 
129 3 232 
129 242 193 
129 244 26 
129 14 232 
129 526 26 
129 243 193 
166 126 193 
166 487 26 
232 25 166 
232 20 31 
232 450 129 
232 127 26 
232 131 166 
232 7 129 
232 23 129 
232 5 193 
382 122 26 
382 217 26 
27 112 233 
27 126 233 
27 239 130 
27 115 32 
27 220 130 
27 80 194 
27 122 194 
27 232 130 
27 116 233 
32 116 27 
32 116 233 
32 224 130 
130 225 27 
130 4 233 
130 243 194 
130 245 27 
130 15 233 
130 527 27 
130 217 194 
167 127 194 
167 488 27 
233 26 167 
233 21 32 
233 451 130 
233 128 27 
233 132 167 
233 8 130 
233 24 130 
233 6 194 
383 123 27 
383 218 27 
1 113 234 
1 127 234 
1 240 131 
1 116 33 
1 221 131 
1 81 195 
1 123 195 
1 233 131 
1 117 234 
33 117 1 
33 117 234 
33 225 131 
131 226 1 
131 5 234 
131 217 195 
131 246 1 
131 16 234 
131 528 1 
131 218 195 
168 128 195 
168 489 1 
234 27 168 
234 22 33 
234 452 131 
234 129 1 
234 133 168 
234 9 131 
234 25 131 
234 7 195 
384 124 1 
384 219 1 
2 114 235 
2 128 235 
2 241 132 
2 117 34 
2 222 132 
2 55 196 
2 124 196 
2 234 132 
2 118 235 
34 118 2 
34 118 235 
34 226 132 
132 227 2 
132 6 235 
132 218 196 
132 247 2 
132 17 235 
132 529 2 
132 219 196 
169 129 196 
169 490 2 
235 1 169 
235 23 34 
235 453 132 
235 130 2 
235 134 169 
235 10 132 
235 26 132 
235 8 196 
385 125 2 
385 220 2 
3 115 236 
3 129 236 
3 242 133 
3 118 35 
3 223 133 
3 56 197 
3 125 197 
3 235 133 
3 119 236 
35 119 3 
35 119 236 
35 227 133 
133 228 3 
133 7 236 
133 219 197 
133 248 3 
133 18 236 
133 530 3 
133 220 197 
170 130 197 
170 491 3 
236 2 170 
236 24 35 
236 454 133 
236 131 3 
236 135 170 
236 11 133 
236 27 133 
236 9 197 
386 126 3 
386 221 3 
4 116 237 
4 130 237 
4 243 134 
4 119 36 
4 224 134 
4 57 198 
4 126 198 
4 236 134 
4 120 237 
36 120 4 
36 120 237 
36 228 134 
134 229 4 
134 8 237 
134 220 198 
134 249 4 
134 19 237 
134 531 4 
134 221 198 
171 131 198 
171 492 4 
237 3 171 
237 25 36 
237 455 134 
237 132 4 
237 109 171 
237 12 134 
237 1 134 
237 10 198 
387 127 4 
387 222 4 
5 117 238 
5 131 238 
5 217 135 
5 120 37 
5 225 135 
5 58 199 
5 127 199 
5 237 135 
5 121 238 
37 121 5 
37 121 238 
37 229 135 
135 230 5 
135 9 238 
135 221 199 
135 250 5 
135 20 238 
135 532 5 
135 222 199 
172 132 199 
172 493 5 
238 4 172 
238 26 37 
238 456 135 
238 133 5 
238 110 172 
238 13 135 
238 2 135 
238 11 199 
388 128 5 
388 223 5 
6 118 239 
6 132 239 
6 218 109 
6 121 38 
6 226 109 
6 59 200 
6 128 200 
6 238 109 
6 122 239 
38 122 6 
38 122 239 
38 230 109 
109 231 6 
109 10 239 
109 222 200 
109 251 6 
109 21 239 
109 533 6 
109 223 200 
173 133 200 
173 494 6 
239 5 173 
239 27 38 
239 457 109 
239 134 6 
239 111 173 
239 14 109 
239 3 109 
239 12 200 
389 129 6 
389 224 6 
7 119 240 
7 133 240 
7 219 110 
7 122 39 
7 227 110 
7 60 201 
7 129 201 
7 239 110 
7 123 240 
39 123 7 
39 123 240 
39 231 110 
110 232 7 
110 11 240 
110 223 201 
110 252 7 
110 22 240 
110 534 7 
110 224 201 
174 134 201 
174 495 7 
240 6 174 
240 1 39 
240 458 110 
240 135 7 
240 112 174 
240 15 110 
240 4 110 
240 13 201 
390 130 7 
390 225 7 
8 120 241 
8 134 241 
8 220 111 
8 123 40 
8 228 111 
8 61 202 
8 130 202 
8 240 111 
8 124 241 
40 124 8 
40 124 241 
40 232 111 
111 233 8 
111 12 241 
111 224 202 
111 253 8 
111 23 241 
111 535 8 
111 225 202 
175 135 202 
175 496 8 
241 7 175 
241 2 40 
241 459 111 
241 109 8 
241 113 175 
241 16 111 
241 5 111 
241 14 202 
391 131 8 
391 226 8 
9 121 242 
9 135 242 
9 221 112 
9 124 41 
9 229 112 
9 62 203 
9 131 203 
9 241 112 
9 125 242 
41 125 9 
41 125 242 
41 233 112 
112 234 9 
112 13 242 
112 225 203 
112 254 9 
112 24 242 
112 536 9 
112 226 203 
176 109 203 
176 497 9 
242 8 176 
242 3 41 
242 433 112 
242 110 9 
242 114 176 
242 17 112 
242 6 112 
242 15 203 
392 132 9 
392 227 9 
10 122 243 
10 109 243 
10 222 113 
10 125 42 
10 230 113 
10 63 204 
10 132 204 
10 242 113 
10 126 243 
42 126 10 
42 126 243 
42 234 113 
113 235 10 
113 14 243 
113 226 204 
113 255 10 
113 25 243 
113 537 10 
113 227 204 
177 110 204 
177 498 10 
243 9 177 
243 4 42 
243 434 113 
243 111 10 
243 115 177 
243 18 113 
243 7 113 
243 16 204 
393 133 10 
393 228 10 
11 123 217 
11 110 217 
11 223 114 
11 126 43 
11 231 114 
11 64 205 
11 133 205 
11 243 114 
11 127 217 
43 127 11 
43 127 217 
43 235 114 
114 236 11 
114 15 217 
114 227 205 
114 256 11 
114 26 217 
114 538 11 
114 228 205 
178 111 205 
178 499 11 
217 10 178 
217 5 43 
217 435 114 
217 112 11 
217 116 178 
217 19 114 
217 8 114 
217 17 205 
394 134 11 
394 229 11 
12 124 218 
12 111 218 
12 224 115 
12 127 44 
12 232 115 
12 65 206 
12 134 206 
12 217 115 
12 128 218 
44 128 12 
44 128 218 
44 236 115 
115 237 12 
115 16 218 
115 228 206 
115 257 12 
115 27 218 
115 539 12 
115 229 206 
179 112 206 
179 500 12 
218 11 179 
218 6 44 
218 436 115 
218 113 12 
218 117 179 
218 20 115 
218 9 115 
218 18 206 
395 135 12 
395 230 12 
13 125 219 
13 112 219 
13 225 116 
13 128 45 
13 233 116 
13 66 207 
13 135 207 
13 218 116 
13 129 219 
45 129 13 
45 129 219 
45 237 116 
116 238 13 
116 17 219 
116 229 207 
116 258 13 
116 1 219 
116 540 13 
116 230 207 
180 113 207 
180 501 13 
219 12 180 
219 7 45 
219 437 116 
219 114 13 
219 118 180 
219 21 116 
219 10 116 
219 19 207 
396 109 13 
396 231 13 
14 126 220 
14 113 220 
14 226 117 
14 129 46 
14 234 117 
14 67 208 
14 109 208 
14 219 117 
14 130 220 
46 130 14 
46 130 220 
46 238 117 
117 239 14 
117 18 220 
117 230 208 
117 259 14 
117 2 220 
117 514 14 
117 231 208 
181 114 208 
181 502 14 
220 13 181 
220 8 46 
220 438 117 
220 115 14 
220 119 181 
220 22 117 
220 11 117 
220 20 208 
397 110 14 
397 232 14 
15 127 221 
15 114 221 
15 227 118 
15 130 47 
15 235 118 
15 68 209 
15 110 209 
15 220 118 
15 131 221 
47 131 15 
47 131 221 
47 239 118 
118 240 15 
118 19 221 
118 231 209 
118 260 15 
118 3 221 
118 515 15 
118 232 209 
182 115 209 
182 503 15 
221 14 182 
221 9 47 
221 439 118 
221 116 15 
221 120 182 
221 23 118 
221 12 118 
221 21 209 
398 111 15 
398 233 15 
16 128 222 
16 115 222 
16 228 119 
16 131 48 
16 236 119 
16 69 210 
16 111 210 
16 221 119 
16 132 222 
48 132 16 
48 132 222 
48 240 119 
119 241 16 
119 20 222 
119 232 210 
119 261 16 
119 4 222 
119 516 16 
119 233 210 
183 116 210 
183 504 16 
222 15 183 
222 10 48 
222 440 119 
222 117 16 
222 121 183 
222 24 119 
222 13 119 
222 22 210 
399 112 16 
399 234 16 
17 129 223 
17 116 223 
17 229 120 
17 132 49 
17 237 120 
17 70 211 
17 112 211 
17 222 120 
17 133 223 
49 133 17 
49 133 223 
49 241 120 
120 242 17 
120 21 223 
120 233 211 
120 262 17 
120 5 223 
120 517 17 
120 234 211 
184 117 211 
184 505 17 
223 16 184 
223 11 49 
223 441 120 
223 118 17 
223 122 184 
223 25 120 
223 14 120 
223 23 211 
400 113 17 
400 235 17 
18 130 224 
18 117 224 
18 230 121 
18 133 50 
18 238 121 
18 71 212 
18 113 212 
18 223 121 
18 134 224 
50 134 18 
50 134 224 
50 242 121 
121 243 18 
121 22 224 
121 234 212 
121 263 18 
121 6 224 
121 518 18 
121 235 212 
185 118 212 
185 506 18 
224 17 185 
224 12 50 
224 442 121 
224 119 18 
224 123 185 
224 26 121 
224 15 121 
224 24 212 
401 114 18 
401 236 18 
19 131 225 
19 118 225 
19 231 122 
19 134 51 
19 239 122 
19 72 213 
19 114 213 
19 224 122 
19 135 225 
51 135 19 
51 135 225 
51 243 122 
122 217 19 
122 23 225 
122 235 213 
122 264 19 
122 7 225 
122 519 19 
122 236 213 
186 119 213 
186 507 19 
225 18 186 
225 13 51 
225 443 122 
225 120 19 
225 124 186 
225 27 122 
225 16 122 
225 25 213 
402 115 19 
402 237 19 
20 132 226 
20 119 226 
20 232 123 
20 135 52 
20 240 123 
20 73 214 
20 115 214 
20 225 123 
20 109 226 
52 109 20 
52 109 226 
52 217 123 
123 218 20 
123 24 226 
123 236 214 
123 265 20 
123 8 226 
123 520 20 
123 237 214 
187 120 214 
187 508 20 
226 19 187 
226 14 52 
226 444 123 
226 121 20 
226 125 187 
226 1 123 
226 17 123 
226 26 214 
403 116 20 
403 238 20 
21 133 227 
21 120 227 
21 233 124 
21 109 53 
21 241 124 
21 74 215 
21 116 215 
21 226 124 
21 110 227 
53 110 21 
53 110 227 
53 218 124 
124 219 21 
124 25 227 
124 237 215 
124 266 21 
124 9 227 
124 521 21 
124 238 215 
188 121 215 
188 509 21 
227 20 188 
227 15 53 
227 445 124 
227 122 21 
227 126 188 
227 2 124 
227 18 124 
227 27 215 
404 117 21 
404 239 21 
22 134 228 
22 121 228 
22 234 125 
22 110 54 
22 242 125 
22 75 216 
22 117 216 
22 227 125 
22 111 228 
54 111 22 
54 111 228 
54 219 125 
125 220 22 
125 26 228 
125 238 216 
125 267 22 
125 10 228 
125 522 22 
125 239 216 
189 122 216 
189 510 22 
228 21 189 
228 16 54 
228 446 125 
228 123 22 
228 127 189 
228 3 125 
228 19 125 
228 1 216 
405 118 22 
405 240 22 
7 86 119 
7 248 241 
7 227 271 
7 236 119 
7 125 271 
7 270 119 
55 130 7 
55 124 241 
55 218 7 
119 99 241 
119 232 7 
119 18 55 
119 71 7 
119 23 241 
119 3 241 
119 191 241 
241 2 55 
241 128 7 
241 270 7 
241 270 119 
241 306 119 
241 97 7 
241 113 7 
241 252 7 
241 9 271 
271 130 55 
271 130 7 
406 3 119 
406 3 241 
406 129 7 
8 87 120 
8 249 242 
8 228 272 
8 237 120 
8 126 272 
8 244 120 
56 131 8 
56 125 242 
56 219 8 
120 100 242 
120 233 8 
120 19 56 
120 72 8 
120 24 242 
120 4 242 
120 192 242 
242 3 56 
242 129 8 
242 244 8 
242 244 120 
242 307 120 
242 98 8 
242 114 8 
242 253 8 
242 10 272 
272 131 56 
272 131 8 
407 4 120 
407 4 242 
407 130 8 
9 88 121 
9 250 243 
9 229 273 
9 238 121 
9 127 273 
9 245 121 
57 132 9 
57 126 243 
57 220 9 
121 101 243 
121 234 9 
121 20 57 
121 73 9 
121 25 243 
121 5 243 
121 193 243 
243 4 57 
243 130 9 
243 245 9 
243 245 121 
243 308 121 
243 99 9 
243 115 9 
243 254 9 
243 11 273 
273 132 57 
273 132 9 
408 5 121 
408 5 243 
408 131 9 
10 89 122 
10 251 217 
10 230 274 
10 239 122 
10 128 274 
10 246 122 
58 133 10 
58 127 217 
58 221 10 
122 102 217 
122 235 10 
122 21 58 
122 74 10 
122 26 217 
122 6 217 
122 194 217 
217 5 58 
217 131 10 
217 246 10 
217 246 122 
217 309 122 
217 100 10 
217 116 10 
217 255 10 
217 12 274 
274 133 58 
274 133 10 
409 6 122 
409 6 217 
409 132 10 
11 90 123 
11 252 218 
11 231 275 
11 240 123 
11 129 275 
11 247 123 
59 134 11 
59 128 218 
59 222 11 
123 103 218 
123 236 11 
123 22 59 
123 75 11 
123 27 218 
123 7 218 
123 195 218 
218 6 59 
218 132 11 
218 247 11 
218 247 123 
218 310 123 
218 101 11 
218 117 11 
218 256 11 
218 13 275 
275 134 59 
275 134 11 
410 7 123 
410 7 218 
410 133 11 
12 91 124 
12 253 219 
12 232 276 
12 241 124 
12 130 276 
12 248 124 
60 135 12 
60 129 219 
60 223 12 
124 104 219 
124 237 12 
124 23 60 
124 76 12 
124 1 219 
124 8 219 
124 196 219 
219 7 60 
219 133 12 
219 248 12 
219 248 124 
219 311 124 
219 102 12 
219 118 12 
219 257 12 
219 14 276 
276 135 60 
276 135 12 
411 8 124 
411 8 219 
411 134 12 
13 92 125 
13 254 220 
13 233 277 
13 242 125 
13 131 277 
13 249 125 
61 109 13 
61 130 220 
61 224 13 
125 105 220 
125 238 13 
125 24 61 
125 77 13 
125 2 220 
125 9 220 
125 197 220 
220 8 61 
220 134 13 
220 249 13 
220 249 125 
220 312 125 
220 103 13 
220 119 13 
220 258 13 
220 15 277 
277 109 61 
277 109 13 
412 9 125 
412 9 220 
412 135 13 
14 93 126 
14 255 221 
14 234 278 
14 243 126 
14 132 278 
14 250 126 
62 110 14 
62 131 221 
62 225 14 
126 106 221 
126 239 14 
126 25 62 
126 78 14 
126 3 221 
126 10 221 
126 198 221 
221 9 62 
221 135 14 
221 250 14 
221 250 126 
221 313 126 
221 104 14 
221 120 14 
221 259 14 
221 16 278 
278 110 62 
278 110 14 
413 10 126 
413 10 221 
413 109 14 
15 94 127 
15 256 222 
15 235 279 
15 217 127 
15 133 279 
15 251 127 
63 111 15 
63 132 222 
63 226 15 
127 107 222 
127 240 15 
127 26 63 
127 79 15 
127 4 222 
127 11 222 
127 199 222 
222 10 63 
222 109 15 
222 251 15 
222 251 127 
222 314 127 
222 105 15 
222 121 15 
222 260 15 
222 17 279 
279 111 63 
279 111 15 
414 11 127 
414 11 222 
414 110 15 
16 95 128 
16 257 223 
16 236 280 
16 218 128 
16 134 280 
16 252 128 
64 112 16 
64 133 223 
64 227 16 
128 108 223 
128 241 16 
128 27 64 
128 80 16 
128 5 223 
128 12 223 
128 200 223 
223 11 64 
223 110 16 
223 252 16 
223 252 128 
223 315 128 
223 106 16 
223 122 16 
223 261 16 
223 18 280 
280 112 64 
280 112 16 
415 12 128 
415 12 223 
415 111 16 
17 96 129 
17 258 224 
17 237 281 
17 219 129 
17 135 281 
17 253 129 
65 113 17 
65 134 224 
65 228 17 
129 82 224 
129 242 17 
129 1 65 
129 81 17 
129 6 224 
129 13 224 
129 201 224 
224 12 65 
224 111 17 
224 253 17 
224 253 129 
224 316 129 
224 107 17 
224 123 17 
224 262 17 
224 19 281 
281 113 65 
281 113 17 
416 13 129 
416 13 224 
416 112 17 
18 97 130 
18 259 225 
18 238 282 
18 220 130 
18 109 282 
18 254 130 
66 114 18 
66 135 225 
66 229 18 
130 83 225 
130 243 18 
130 2 66 
130 55 18 
130 7 225 
130 14 225 
130 202 225 
225 13 66 
225 112 18 
225 254 18 
225 254 130 
225 317 130 
225 108 18 
225 124 18 
225 263 18 
225 20 282 
282 114 66 
282 114 18 
417 14 130 
417 14 225 
417 113 18 
19 98 131 
19 260 226 
19 239 283 
19 221 131 
19 110 283 
19 255 131 
67 115 19 
67 109 226 
67 230 19 
131 84 226 
131 217 19 
131 3 67 
131 56 19 
131 8 226 
131 15 226 
131 203 226 
226 14 67 
226 113 19 
226 255 19 
226 255 131 
226 318 131 
226 82 19 
226 125 19 
226 264 19 
226 21 283 
283 115 67 
283 115 19 
418 15 131 
418 15 226 
418 114 19 
20 99 132 
20 261 227 
20 240 284 
20 222 132 
20 111 284 
20 256 132 
68 116 20 
68 110 227 
68 231 20 
132 85 227 
132 218 20 
132 4 68 
132 57 20 
132 9 227 
132 16 227 
132 204 227 
227 15 68 
227 114 20 
227 256 20 
227 256 132 
227 319 132 
227 83 20 
227 126 20 
227 265 20 
227 22 284 
284 116 68 
284 116 20 
419 16 132 
419 16 227 
419 115 20 
21 100 133 
21 262 228 
21 241 285 
21 223 133 
21 112 285 
21 257 133 
69 117 21 
69 111 228 
69 232 21 
133 86 228 
133 219 21 
133 5 69 
133 58 21 
133 10 228 
133 17 228 
133 205 228 
228 16 69 
228 115 21 
228 257 21 
228 257 133 
228 320 133 
228 84 21 
228 127 21 
228 266 21 
228 23 285 
285 117 69 
285 117 21 
420 17 133 
420 17 228 
420 116 21 
22 101 134 
22 263 229 
22 242 286 
22 224 134 
22 113 286 
22 258 134 
70 118 22 
70 112 229 
70 233 22 
134 87 229 
134 220 22 
134 6 70 
134 59 22 
134 11 229 
134 18 229 
134 206 229 
229 17 70 
229 116 22 
229 258 22 
229 258 134 
229 321 134 
229 85 22 
229 128 22 
229 267 22 
229 24 286 
286 118 70 
286 118 22 
421 18 134 
421 18 229 
421 117 22 
23 102 135 
23 264 230 
23 243 287 
23 225 135 
23 114 287 
23 259 135 
71 119 23 
71 113 230 
71 234 23 
135 88 230 
135 221 23 
135 7 71 
135 60 23 
135 12 230 
135 19 230 
135 207 230 
230 18 71 
230 117 23 
230 259 23 
230 259 135 
230 322 135 
230 86 23 
230 129 23 
230 268 23 
230 25 287 
287 119 71 
287 119 23 
422 19 135 
422 19 230 
422 118 23 
24 103 109 
24 265 231 
24 217 288 
24 226 109 
24 115 288 
24 260 109 
72 120 24 
72 114 231 
72 235 24 
109 89 231 
109 222 24 
109 8 72 
109 61 24 
109 13 231 
109 20 231 
109 208 231 
231 19 72 
231 118 24 
231 260 24 
231 260 109 
231 323 109 
231 87 24 
231 130 24 
231 269 24 
231 26 288 
288 120 72 
288 120 24 
423 20 109 
423 20 231 
423 119 24 
25 104 110 
25 266 232 
25 218 289 
25 227 110 
25 116 289 
25 261 110 
73 121 25 
73 115 232 
73 236 25 
110 90 232 
110 223 25 
110 9 73 
110 62 25 
110 14 232 
110 21 232 
110 209 232 
232 20 73 
232 119 25 
232 261 25 
232 261 110 
232 324 110 
232 88 25 
232 131 25 
232 270 25 
232 27 289 
289 121 73 
289 121 25 
424 21 110 
424 21 232 
424 120 25 
26 105 111 
26 267 233 
26 219 290 
26 228 111 
26 117 290 
26 262 111 
74 122 26 
74 116 233 
74 237 26 
111 91 233 
111 224 26 
111 10 74 
111 63 26 
111 15 233 
111 22 233 
111 210 233 
233 21 74 
233 120 26 
233 262 26 
233 262 111 
233 298 111 
233 89 26 
233 132 26 
233 244 26 
233 1 290 
290 122 74 
290 122 26 
425 22 111 
425 22 233 
425 121 26 
27 106 112 
27 268 234 
27 220 291 
27 229 112 
27 118 291 
27 263 112 
75 123 27 
75 117 234 
75 238 27 
112 92 234 
112 225 27 
112 11 75 
112 64 27 
112 16 234 
112 23 234 
112 211 234 
234 22 75 
234 121 27 
234 263 27 
234 263 112 
234 299 112 
234 90 27 
234 133 27 
234 245 27 
234 2 291 
291 123 75 
291 123 27 
426 23 112 
426 23 234 
426 122 27 
1 107 113 
1 269 235 
1 221 292 
1 230 113 
1 119 292 
1 264 113 
76 124 1 
76 118 235 
76 239 1 
113 93 235 
113 226 1 
113 12 76 
113 65 1 
113 17 235 
113 24 235 
113 212 235 
235 23 76 
235 122 1 
235 264 1 
235 264 113 
235 300 113 
235 91 1 
235 134 1 
235 246 1 
235 3 292 
292 124 76 
292 124 1 
427 24 113 
427 24 235 
427 123 1 
2 108 114 
2 270 236 
2 222 293 
2 231 114 
2 120 293 
2 265 114 
77 125 2 
77 119 236 
77 240 2 
114 94 236 
114 227 2 
114 13 77 
114 66 2 
114 18 236 
114 25 236 
114 213 236 
236 24 77 
236 123 2 
236 265 2 
236 265 114 
236 301 114 
236 92 2 
236 135 2 
236 247 2 
236 4 293 
293 125 77 
293 125 2 
428 25 114 
428 25 236 
428 124 2 
3 82 115 
3 244 237 
3 223 294 
3 232 115 
3 121 294 
3 266 115 
78 126 3 
78 120 237 
78 241 3 
115 95 237 
115 228 3 
115 14 78 
115 67 3 
115 19 237 
115 26 237 
115 214 237 
237 25 78 
237 124 3 
237 266 3 
237 266 115 
237 302 115 
237 93 3 
237 109 3 
237 248 3 
237 5 294 
294 126 78 
294 126 3 
429 26 115 
429 26 237 
429 125 3 
4 83 116 
4 245 238 
4 224 295 
4 233 116 
4 122 295 
4 267 116 
79 127 4 
79 121 238 
79 242 4 
116 96 238 
116 229 4 
116 15 79 
116 68 4 
116 20 238 
116 27 238 
116 215 238 
238 26 79 
238 125 4 
238 267 4 
238 267 116 
238 303 116 
238 94 4 
238 110 4 
238 249 4 
238 6 295 
295 127 79 
295 127 4 
430 27 116 
430 27 238 
430 126 4 
5 84 117 
5 246 239 
5 225 296 
5 234 117 
5 123 296 
5 268 117 
80 128 5 
80 122 239 
80 243 5 
117 97 239 
117 230 5 
117 16 80 
117 69 5 
117 21 239 
117 1 239 
117 216 239 
239 27 80 
239 126 5 
239 268 5 
239 268 117 
239 304 117 
239 95 5 
239 111 5 
239 250 5 
239 7 296 
296 128 80 
296 128 5 
431 1 117 
431 1 239 
431 127 5 
6 85 118 
6 247 240 
6 226 297 
6 235 118 
6 124 297 
6 269 118 
81 129 6 
81 123 240 
81 217 6 
118 98 240 
118 231 6 
118 17 81 
118 70 6 
118 22 240 
118 2 240 
118 190 240 
240 1 81 
240 127 6 
240 269 6 
240 269 118 
240 305 118 
240 96 6 
240 112 6 
240 251 6 
240 8 297 
297 129 81 
297 129 6 
432 2 118 
432 2 240 
432 128 6 
3 223 129 
3 286 242 
3 121 242 
3 125 242 
3 626 129 
82 24 242 
82 125 3 
82 125 242 
129 230 3 
242 13 129 
242 253 129 
242 6 129 
244 8 129 
244 126 3 
433 24 82 
433 24 242 
4 224 130 
4 287 243 
4 122 243 
4 126 243 
4 627 130 
83 25 243 
83 126 4 
83 126 243 
130 231 4 
243 14 130 
243 254 130 
243 7 130 
245 9 130 
245 127 4 
434 25 83 
434 25 243 
5 225 131 
5 288 217 
5 123 217 
5 127 217 
5 628 131 
84 26 217 
84 127 5 
84 127 217 
131 232 5 
217 15 131 
217 255 131 
217 8 131 
246 10 131 
246 128 5 
435 26 84 
435 26 217 
6 226 132 
6 289 218 
6 124 218 
6 128 218 
6 629 132 
85 27 218 
85 128 6 
85 128 218 
132 233 6 
218 16 132 
218 256 132 
218 9 132 
247 11 132 
247 129 6 
436 27 85 
436 27 218 
7 227 133 
7 290 219 
7 125 219 
7 129 219 
7 630 133 
86 1 219 
86 129 7 
86 129 219 
133 234 7 
219 17 133 
219 257 133 
219 10 133 
248 12 133 
248 130 7 
437 1 86 
437 1 219 
8 228 134 
8 291 220 
8 126 220 
8 130 220 
8 631 134 
87 2 220 
87 130 8 
87 130 220 
134 235 8 
220 18 134 
220 258 134 
220 11 134 
249 13 134 
249 131 8 
438 2 87 
438 2 220 
9 229 135 
9 292 221 
9 127 221 
9 131 221 
9 632 135 
88 3 221 
88 131 9 
88 131 221 
135 236 9 
221 19 135 
221 259 135 
221 12 135 
250 14 135 
250 132 9 
439 3 88 
439 3 221 
10 230 109 
10 293 222 
10 128 222 
10 132 222 
10 633 109 
89 4 222 
89 132 10 
89 132 222 
109 237 10 
222 20 109 
222 260 109 
222 13 109 
251 15 109 
251 133 10 
440 4 89 
440 4 222 
11 231 110 
11 294 223 
11 129 223 
11 133 223 
11 634 110 
90 5 223 
90 133 11 
90 133 223 
110 238 11 
223 21 110 
223 261 110 
223 14 110 
252 16 110 
252 134 11 
441 5 90 
441 5 223 
12 232 111 
12 295 224 
12 130 224 
12 134 224 
12 635 111 
91 6 224 
91 134 12 
91 134 224 
111 239 12 
224 22 111 
224 262 111 
224 15 111 
253 17 111 
253 135 12 
442 6 91 
442 6 224 
13 233 112 
13 296 225 
13 131 225 
13 135 225 
13 636 112 
92 7 225 
92 135 13 
92 135 225 
112 240 13 
225 23 112 
225 263 112 
225 16 112 
254 18 112 
254 109 13 
443 7 92 
443 7 225 
14 234 113 
14 297 226 
14 132 226 
14 109 226 
14 637 113 
93 8 226 
93 109 14 
93 109 226 
113 241 14 
226 24 113 
226 264 113 
226 17 113 
255 19 113 
255 110 14 
444 8 93 
444 8 226 
15 235 114 
15 271 227 
15 133 227 
15 110 227 
15 638 114 
94 9 227 
94 110 15 
94 110 227 
114 242 15 
227 25 114 
227 265 114 
227 18 114 
256 20 114 
256 111 15 
445 9 94 
445 9 227 
16 236 115 
16 272 228 
16 134 228 
16 111 228 
16 639 115 
95 10 228 
95 111 16 
95 111 228 
115 243 16 
228 26 115 
228 266 115 
228 19 115 
257 21 115 
257 112 16 
446 10 95 
446 10 228 
17 237 116 
17 273 229 
17 135 229 
17 112 229 
17 640 116 
96 11 229 
96 112 17 
96 112 229 
116 217 17 
229 27 116 
229 267 116 
229 20 116 
258 22 116 
258 113 17 
447 11 96 
447 11 229 
18 238 117 
18 274 230 
18 109 230 
18 113 230 
18 641 117 
97 12 230 
97 113 18 
97 113 230 
117 218 18 
230 1 117 
230 268 117 
230 21 117 
259 23 117 
259 114 18 
448 12 97 
448 12 230 
19 239 118 
19 275 231 
19 110 231 
19 114 231 
19 642 118 
98 13 231 
98 114 19 
98 114 231 
118 219 19 
231 2 118 
231 269 118 
231 22 118 
260 24 118 
260 115 19 
449 13 98 
449 13 231 
20 240 119 
20 276 232 
20 111 232 
20 115 232 
20 643 119 
99 14 232 
99 115 20 
99 115 232 
119 220 20 
232 3 119 
232 270 119 
232 23 119 
261 25 119 
261 116 20 
450 14 99 
450 14 232 
21 241 120 
21 277 233 
21 112 233 
21 116 233 
21 644 120 
100 15 233 
100 116 21 
100 116 233 
120 221 21 
233 4 120 
233 244 120 
233 24 120 
262 26 120 
262 117 21 
451 15 100 
451 15 233 
22 242 121 
22 278 234 
22 113 234 
22 117 234 
22 645 121 
101 16 234 
101 117 22 
101 117 234 
121 222 22 
234 5 121 
234 245 121 
234 25 121 
263 27 121 
263 118 22 
452 16 101 
452 16 234 
23 243 122 
23 279 235 
23 114 235 
23 118 235 
23 646 122 
102 17 235 
102 118 23 
102 118 235 
122 223 23 
235 6 122 
235 246 122 
235 26 122 
264 1 122 
264 119 23 
453 17 102 
453 17 235 
24 217 123 
24 280 236 
24 115 236 
24 119 236 
24 647 123 
103 18 236 
103 119 24 
103 119 236 
123 224 24 
236 7 123 
236 247 123 
236 27 123 
265 2 123 
265 120 24 
454 18 103 
454 18 236 
25 218 124 
25 281 237 
25 116 237 
25 120 237 
25 648 124 
104 19 237 
104 120 25 
104 120 237 
124 225 25 
237 8 124 
237 248 124 
237 1 124 
266 3 124 
266 121 25 
455 19 104 
455 19 237 
26 219 125 
26 282 238 
26 117 238 
26 121 238 
26 622 125 
105 20 238 
105 121 26 
105 121 238 
125 226 26 
238 9 125 
238 249 125 
238 2 125 
267 4 125 
267 122 26 
456 20 105 
456 20 238 
27 220 126 
27 283 239 
27 118 239 
27 122 239 
27 623 126 
106 21 239 
106 122 27 
106 122 239 
126 227 27 
239 10 126 
239 250 126 
239 3 126 
268 5 126 
268 123 27 
457 21 106 
457 21 239 
1 221 127 
1 284 240 
1 119 240 
1 123 240 
1 624 127 
107 22 240 
107 123 1 
107 123 240 
127 228 1 
240 11 127 
240 251 127 
240 4 127 
269 6 127 
269 124 1 
458 22 107 
458 22 240 
2 222 128 
2 285 241 
2 120 241 
2 124 241 
2 625 128 
108 23 241 
108 124 2 
108 124 241 
128 229 2 
241 12 128 
241 252 128 
241 5 128 
270 7 128 
270 125 2 
459 23 108 
459 23 241 
24 165 217 
24 226 112 
24 115 217 
24 233 112 
24 229 112 
112 17 217 
112 6 217 
217 130 24 
280 18 112 
309 6 112 
309 6 217 
309 224 24 
25 166 218 
25 227 113 
25 116 218 
25 234 113 
25 230 113 
113 18 218 
113 7 218 
218 131 25 
281 19 113 
310 7 113 
310 7 218 
310 225 25 
26 167 219 
26 228 114 
26 117 219 
26 235 114 
26 231 114 
114 19 219 
114 8 219 
219 132 26 
282 20 114 
311 8 114 
311 8 219 
311 226 26 
27 168 220 
27 229 115 
27 118 220 
27 236 115 
27 232 115 
115 20 220 
115 9 220 
220 133 27 
283 21 115 
312 9 115 
312 9 220 
312 227 27 
1 169 221 
1 230 116 
1 119 221 
1 237 116 
1 233 116 
116 21 221 
116 10 221 
221 134 1 
284 22 116 
313 10 116 
313 10 221 
313 228 1 
2 170 222 
2 231 117 
2 120 222 
2 238 117 
2 234 117 
117 22 222 
117 11 222 
222 135 2 
285 23 117 
314 11 117 
314 11 222 
314 229 2 
3 171 223 
3 232 118 
3 121 223 
3 239 118 
3 235 118 
118 23 223 
118 12 223 
223 109 3 
286 24 118 
315 12 118 
315 12 223 
315 230 3 
4 172 224 
4 233 119 
4 122 224 
4 240 119 
4 236 119 
119 24 224 
119 13 224 
224 110 4 
287 25 119 
316 13 119 
316 13 224 
316 231 4 
5 173 225 
5 234 120 
5 123 225 
5 241 120 
5 237 120 
120 25 225 
120 14 225 
225 111 5 
288 26 120 
317 14 120 
317 14 225 
317 232 5 
6 174 226 
6 235 121 
6 124 226 
6 242 121 
6 238 121 
121 26 226 
121 15 226 
226 112 6 
289 27 121 
318 15 121 
318 15 226 
318 233 6 
7 175 227 
7 236 122 
7 125 227 
7 243 122 
7 239 122 
122 27 227 
122 16 227 
227 113 7 
290 1 122 
319 16 122 
319 16 227 
319 234 7 
8 176 228 
8 237 123 
8 126 228 
8 217 123 
8 240 123 
123 1 228 
123 17 228 
228 114 8 
291 2 123 
320 17 123 
320 17 228 
320 235 8 
9 177 229 
9 238 124 
9 127 229 
9 218 124 
9 241 124 
124 2 229 
124 18 229 
229 115 9 
292 3 124 
321 18 124 
321 18 229 
321 236 9 
10 178 230 
10 239 125 
10 128 230 
10 219 125 
10 242 125 
125 3 230 
125 19 230 
230 116 10 
293 4 125 
322 19 125 
322 19 230 
322 237 10 
11 179 231 
11 240 126 
11 129 231 
11 220 126 
11 243 126 
126 4 231 
126 20 231 
231 117 11 
294 5 126 
323 20 126 
323 20 231 
323 238 11 
12 180 232 
12 241 127 
12 130 232 
12 221 127 
12 217 127 
127 5 232 
127 21 232 
232 118 12 
295 6 127 
324 21 127 
324 21 232 
324 239 12 
13 181 233 
13 242 128 
13 131 233 
13 222 128 
13 218 128 
128 6 233 
128 22 233 
233 119 13 
296 7 128 
298 22 128 
298 22 233 
298 240 13 
14 182 234 
14 243 129 
14 132 234 
14 223 129 
14 219 129 
129 7 234 
129 23 234 
234 120 14 
297 8 129 
299 23 129 
299 23 234 
299 241 14 
15 183 235 
15 217 130 
15 133 235 
15 224 130 
15 220 130 
130 8 235 
130 24 235 
235 121 15 
271 9 130 
300 24 130 
300 24 235 
300 242 15 
16 184 236 
16 218 131 
16 134 236 
16 225 131 
16 221 131 
131 9 236 
131 25 236 
236 122 16 
272 10 131 
301 25 131 
301 25 236 
301 243 16 
17 185 237 
17 219 132 
17 135 237 
17 226 132 
17 222 132 
132 10 237 
132 26 237 
237 123 17 
273 11 132 
302 26 132 
302 26 237 
302 217 17 
18 186 238 
18 220 133 
18 109 238 
18 227 133 
18 223 133 
133 11 238 
133 27 238 
238 124 18 
274 12 133 
303 27 133 
303 27 238 
303 218 18 
19 187 239 
19 221 134 
19 110 239 
19 228 134 
19 224 134 
134 12 239 
134 1 239 
239 125 19 
275 13 134 
304 1 134 
304 1 239 
304 219 19 
20 188 240 
20 222 135 
20 111 240 
20 229 135 
20 225 135 
135 13 240 
135 2 240 
240 126 20 
276 14 135 
305 2 135 
305 2 240 
305 220 20 
21 189 241 
21 223 109 
21 112 241 
21 230 109 
21 226 109 
109 14 241 
109 3 241 
241 127 21 
277 15 109 
306 3 109 
306 3 241 
306 221 21 
22 163 242 
22 224 110 
22 113 242 
22 231 110 
22 227 110 
110 15 242 
110 4 242 
242 128 22 
278 16 110 
307 4 110 
307 4 242 
307 222 22 
23 164 243 
23 225 111 
23 114 243 
23 232 111 
23 228 111 
111 16 243 
111 5 243 
243 129 23 
279 17 111 
308 5 111 
308 5 243 
308 223 23 
25 116 83 
25 261 227 
25 120 78 
25 243 126 
83 20 126 
83 225 25 
126 558 25 
126 643 25 
166 9 227 
166 131 25 
166 563 126 
227 120 25 
227 120 78 
227 623 126 
26 117 84 
26 262 228 
26 121 79 
26 217 127 
84 21 127 
84 226 26 
127 559 26 
127 644 26 
167 10 228 
167 132 26 
167 564 127 
228 121 26 
228 121 79 
228 624 127 
27 118 85 
27 263 229 
27 122 80 
27 218 128 
85 22 128 
85 227 27 
128 560 27 
128 645 27 
168 11 229 
168 133 27 
168 565 128 
229 122 27 
229 122 80 
229 625 128 
1 119 86 
1 264 230 
1 123 81 
1 219 129 
86 23 129 
86 228 1 
129 561 1 
129 646 1 
169 12 230 
169 134 1 
169 566 129 
230 123 1 
230 123 81 
230 626 129 
2 120 87 
2 265 231 
2 124 55 
2 220 130 
87 24 130 
87 229 2 
130 562 2 
130 647 2 
170 13 231 
170 135 2 
170 567 130 
231 124 2 
231 124 55 
231 627 130 
3 121 88 
3 266 232 
3 125 56 
3 221 131 
88 25 131 
88 230 3 
131 563 3 
131 648 3 
171 14 232 
171 109 3 
171 541 131 
232 125 3 
232 125 56 
232 628 131 
4 122 89 
4 267 233 
4 126 57 
4 222 132 
89 26 132 
89 231 4 
132 564 4 
132 622 4 
172 15 233 
172 110 4 
172 542 132 
233 126 4 
233 126 57 
233 629 132 
5 123 90 
5 268 234 
5 127 58 
5 223 133 
90 27 133 
90 232 5 
133 565 5 
133 623 5 
173 16 234 
173 111 5 
173 543 133 
234 127 5 
234 127 58 
234 630 133 
6 124 91 
6 269 235 
6 128 59 
6 224 134 
91 1 134 
91 233 6 
134 566 6 
134 624 6 
174 17 235 
174 112 6 
174 544 134 
235 128 6 
235 128 59 
235 631 134 
7 125 92 
7 270 236 
7 129 60 
7 225 135 
92 2 135 
92 234 7 
135 567 7 
135 625 7 
175 18 236 
175 113 7 
175 545 135 
236 129 7 
236 129 60 
236 632 135 
8 126 93 
8 244 237 
8 130 61 
8 226 109 
93 3 109 
93 235 8 
109 541 8 
109 626 8 
176 19 237 
176 114 8 
176 546 109 
237 130 8 
237 130 61 
237 633 109 
9 127 94 
9 245 238 
9 131 62 
9 227 110 
94 4 110 
94 236 9 
110 542 9 
110 627 9 
177 20 238 
177 115 9 
177 547 110 
238 131 9 
238 131 62 
238 634 110 
10 128 95 
10 246 239 
10 132 63 
10 228 111 
95 5 111 
95 237 10 
111 543 10 
111 628 10 
178 21 239 
178 116 10 
178 548 111 
239 132 10 
239 132 63 
239 635 111 
11 129 96 
11 247 240 
11 133 64 
11 229 112 
96 6 112 
96 238 11 
112 544 11 
112 629 11 
179 22 240 
179 117 11 
179 549 112 
240 133 11 
240 133 64 
240 636 112 
12 130 97 
12 248 241 
12 134 65 
12 230 113 
97 7 113 
97 239 12 
113 545 12 
113 630 12 
180 23 241 
180 118 12 
180 550 113 
241 134 12 
241 134 65 
241 637 113 
13 131 98 
13 249 242 
13 135 66 
13 231 114 
98 8 114 
98 240 13 
114 546 13 
114 631 13 
181 24 242 
181 119 13 
181 551 114 
242 135 13 
242 135 66 
242 638 114 
14 132 99 
14 250 243 
14 109 67 
14 232 115 
99 9 115 
99 241 14 
115 547 14 
115 632 14 
182 25 243 
182 120 14 
182 552 115 
243 109 14 
243 109 67 
243 639 115 
15 133 100 
15 251 217 
15 110 68 
15 233 116 
100 10 116 
100 242 15 
116 548 15 
116 633 15 
183 26 217 
183 121 15 
183 553 116 
217 110 15 
217 110 68 
217 640 116 
16 134 101 
16 252 218 
16 111 69 
16 234 117 
101 11 117 
101 243 16 
117 549 16 
117 634 16 
184 27 218 
184 122 16 
184 554 117 
218 111 16 
218 111 69 
218 641 117 
17 135 102 
17 253 219 
17 112 70 
17 235 118 
102 12 118 
102 217 17 
118 550 17 
118 635 17 
185 1 219 
185 123 17 
185 555 118 
219 112 17 
219 112 70 
219 642 118 
18 109 103 
18 254 220 
18 113 71 
18 236 119 
103 13 119 
103 218 18 
119 551 18 
119 636 18 
186 2 220 
186 124 18 
186 556 119 
220 113 18 
220 113 71 
220 643 119 
19 110 104 
19 255 221 
19 114 72 
19 237 120 
104 14 120 
104 219 19 
120 552 19 
120 637 19 
187 3 221 
187 125 19 
187 557 120 
221 114 19 
221 114 72 
221 644 120 
20 111 105 
20 256 222 
20 115 73 
20 238 121 
105 15 121 
105 220 20 
121 553 20 
121 638 20 
188 4 222 
188 126 20 
188 558 121 
222 115 20 
222 115 73 
222 645 121 
21 112 106 
21 257 223 
21 116 74 
21 239 122 
106 16 122 
106 221 21 
122 554 21 
122 639 21 
189 5 223 
189 127 21 
189 559 122 
223 116 21 
223 116 74 
223 646 122 
22 113 107 
22 258 224 
22 117 75 
22 240 123 
107 17 123 
107 222 22 
123 555 22 
123 640 22 
163 6 224 
163 128 22 
163 560 123 
224 117 22 
224 117 75 
224 647 123 
23 114 108 
23 259 225 
23 118 76 
23 241 124 
108 18 124 
108 223 23 
124 556 23 
124 641 23 
164 7 225 
164 129 23 
164 561 124 
225 118 23 
225 118 76 
225 648 124 
24 115 82 
24 260 226 
24 119 77 
24 242 125 
82 19 125 
82 224 24 
125 557 24 
125 642 24 
165 8 226 
165 130 24 
165 562 125 
226 119 24 
226 119 77 
226 622 125 
26 122 224 
117 231 26 
117 226 26 
224 115 26 
27 123 225 
118 232 27 
118 227 27 
225 116 27 
1 124 226 
119 233 1 
119 228 1 
226 117 1 
2 125 227 
120 234 2 
120 229 2 
227 118 2 
3 126 228 
121 235 3 
121 230 3 
228 119 3 
4 127 229 
122 236 4 
122 231 4 
229 120 4 
5 128 230 
123 237 5 
123 232 5 
230 121 5 
6 129 231 
124 238 6 
124 233 6 
231 122 6 
7 130 232 
125 239 7 
125 234 7 
232 123 7 
8 131 233 
126 240 8 
126 235 8 
233 124 8 
9 132 234 
127 241 9 
127 236 9 
234 125 9 
10 133 235 
128 242 10 
128 237 10 
235 126 10 
11 134 236 
129 243 11 
129 238 11 
236 127 11 
12 135 237 
130 217 12 
130 239 12 
237 128 12 
13 109 238 
131 218 13 
131 240 13 
238 129 13 
14 110 239 
132 219 14 
132 241 14 
239 130 14 
15 111 240 
133 220 15 
133 242 15 
240 131 15 
16 112 241 
134 221 16 
134 243 16 
241 132 16 
17 113 242 
135 222 17 
135 217 17 
242 133 17 
18 114 243 
109 223 18 
109 218 18 
243 134 18 
19 115 217 
110 224 19 
110 219 19 
217 135 19 
20 116 218 
111 225 20 
111 220 20 
218 109 20 
21 117 219 
112 226 21 
112 221 21 
219 110 21 
22 118 220 
113 227 22 
113 222 22 
220 111 22 
23 119 221 
114 228 23 
114 223 23 
221 112 23 
24 120 222 
115 229 24 
115 224 24 
222 113 24 
25 121 223 
116 230 25 
116 225 25 
223 114 25 
52 12 223 
52 135 14 
109 151 223 
53 13 224 
53 109 15 
110 152 224 
54 14 225 
54 110 16 
111 153 225 
28 15 226 
28 111 17 
112 154 226 
29 16 227 
29 112 18 
113 155 227 
30 17 228 
30 113 19 
114 156 228 
31 18 229 
31 114 20 
115 157 229 
32 19 230 
32 115 21 
116 158 230 
33 20 231 
33 116 22 
117 159 231 
34 21 232 
34 117 23 
118 160 232 
35 22 233 
35 118 24 
119 161 233 
36 23 234 
36 119 25 
120 162 234 
37 24 235 
37 120 26 
121 136 235 
38 25 236 
38 121 27 
122 137 236 
39 26 237 
39 122 1 
123 138 237 
40 27 238 
40 123 2 
124 139 238 
41 1 239 
41 124 3 
125 140 239 
42 2 240 
42 125 4 
126 141 240 
43 3 241 
43 126 5 
127 142 241 
44 4 242 
44 127 6 
128 143 242 
45 5 243 
45 128 7 
129 144 243 
46 6 217 
46 129 8 
130 145 217 
47 7 218 
47 130 9 
131 146 218 
48 8 219 
48 131 10 
132 147 219 
49 9 220 
49 132 11 
133 148 220 
50 10 221 
50 133 12 
134 149 221 
51 11 222 
51 134 13 
135 150 222 
8 124 146 
146 196 8 
9 125 147 
147 197 9 
10 126 148 
148 198 10 
11 127 149 
149 199 11 
12 128 150 
150 200 12 
13 129 151 
151 201 13 
14 130 152 
152 202 14 
15 131 153 
153 203 15 
16 132 154 
154 204 16 
17 133 155 
155 205 17 
18 134 156 
156 206 18 
19 135 157 
157 207 19 
20 109 158 
158 208 20 
21 110 159 
159 209 21 
22 111 160 
160 210 22 
23 112 161 
161 211 23 
24 113 162 
162 212 24 
25 114 136 
136 213 25 
26 115 137 
137 214 26 
27 116 138 
138 215 27 
1 117 139 
139 216 1 
2 118 140 
140 190 2 
3 119 141 
141 191 3 
4 120 142 
142 192 4 
5 121 143 
143 193 5 
6 122 144 
144 194 6 
7 123 145 
145 195 7 
128 200 12 
129 201 13 
130 202 14 
131 203 15 
132 204 16 
133 205 17 
134 206 18 
135 207 19 
109 208 20 
110 209 21 
111 210 22 
112 211 23 
113 212 24 
114 213 25 
115 214 26 
116 215 27 
117 216 1 
118 190 2 
119 191 3 
120 192 4 
121 193 5 
122 194 6 
123 195 7 
124 196 8 
125 197 9 
126 198 10 
127 199 11 
