0 1814 25295
0 1 56
0 1 63
0 3 47
0 3 48
0 3 85
0 7 60
0 7 78
0 7 80
0 7 89
0 18 42
0 18 65
0 18 84
0 24 36
0 24 47
0 24 65
0 24 88
0 26 36
0 26 57
0 26 60
0 26 70
0 26 92
0 32 38
0 32 47
0 32 48
0 34 42
0 34 70
0 34 78
0 36 60
0 36 70
0 36 84
0 36 92
0 37 83
0 37 89
0 38 56
0 38 57
0 38 92
0 42 70
0 47 65
0 47 85
0 48 88
0 56 89
0 57 92
0 60 80
0 60 84
0 63 78
0 63 85
0 65 80
0 65 84
0 70 88
0 70 92
0 78 85
0 80 85
1 2 41
1 2 48
1 2 58
1 2 63
1 4 35
1 4 65
1 4 67
1 4 89
1 11 45
1 11 79
1 11 83
1 26 44
1 26 53
1 26 62
1 26 95
1 29 38
1 29 63
1 29 82
1 29 83
1 31 44
1 31 48
1 31 62
1 31 90
1 35 56
1 35 67
1 35 74
1 35 89
1 38 56
1 38 72
1 38 74
1 38 82
1 41 53
1 41 63
1 44 48
1 44 53
1 44 62
1 44 83
1 45 58
1 45 62
1 45 79
1 45 83
1 48 58
1 48 62
1 48 79
1 48 95
1 53 65
1 56 72
1 56 74
1 56 89
1 58 79
1 65 82
1 65 95
1 72 90
1 74 89
1 79 83
1 79 95
1 82 89
1 82 95
2 15 44
2 15 56
2 15 81
2 15 93
2 17 58
2 17 67
2 17 81
2 22 29
2 22 49
2 22 61
2 22 93
2 28 43
2 28 61
2 28 75
2 28 79
2 29 43
2 29 49
2 29 63
2 29 71
2 30 49
2 30 56
2 30 73
2 32 54
2 32 56
2 32 67
2 32 78
2 41 58
2 41 61
2 43 48
2 43 63
2 43 79
2 44 48
2 44 71
2 44 75
2 44 81
2 48 75
2 48 79
2 49 73
2 54 78
2 56 78
2 58 79
2 61 79
2 67 75
2 67 81
2 78 93
2 81 90
2 85 90
3 17 43
3 17 51
3 17 92
3 19 43
3 19 46
3 19 52
3 19 79
3 19 92
3 23 56
3 25 42
3 25 46
3 25 90
3 25 91
3 27 51
3 27 66
3 27 85
3 27 95
3 32 47
3 32 48
3 32 67
3 32 81
3 33 52
3 33 91
3 42 66
3 42 79
3 42 90
3 43 60
3 46 68
3 46 92
3 47 67
3 48 81
3 51 66
3 51 78
3 51 92
3 52 68
3 52 79
3 56 67
3 56 79
3 56 90
3 56 91
3 60 67
3 60 81
3 66 78
3 66 85
3 67 79
3 67 90
3 78 85
3 79 90
3 81 90
4 5 37
4 5 77
4 5 87
4 6 71
4 6 75
4 6 82
4 16 31
4 16 74
4 16 75
4 16 84
4 24 36
4 24 37
4 24 45
4 24 64
4 24 84
4 27 59
4 27 65
4 27 67
4 27 82
4 27 84
4 31 37
4 31 51
4 31 75
4 35 59
4 35 74
4 35 89
4 36 47
4 36 51
4 36 63
4 37 84
4 45 64
4 47 51
4 47 63
4 47 67
4 53 60
4 53 65
4 53 77
4 59 63
4 59 74
4 59 89
4 64 74
4 64 87
4 65 82
4 65 84
4 65 89
4 71 82
4 71 87
4 74 87
4 74 89
4 82 84
4 82 89
5 8 67
5 8 83
5 8 84
5 8 87
5 8 94
5 20 60
5 20 91
5 22 58
5 22 77
5 29 38
5 29 56
5 29 67
5 29 79
5 30 42
5 30 49
5 30 70
5 30 75
5 34 36
5 34 77
5 34 94
5 35 49
5 35 56
5 35 58
5 35 72
5 36 68
5 36 70
5 36 72
5 37 70
5 37 84
5 38 83
5 38 87
5 42 49
5 42 56
5 42 60
5 42 72
5 56 60
5 56 67
5 56 79
5 58 72
5 60 94
5 67 79
5 67 91
5 67 94
5 68 72
5 68 75
5 70 84
5 77 87
5 77 94
5 79 83
5 83 87
5 84 91
6 18 47
6 18 50
6 18 65
6 18 82
6 18 88
6 21 39
6 21 55
6 21 59
6 21 86
6 23 59
6 23 77
6 24 57
6 24 68
6 24 70
6 24 88
6 28 50
6 29 59
6 29 68
6 29 86
6 30 38
6 30 75
6 30 77
6 38 65
6 38 77
6 38 87
6 39 57
6 39 59
6 39 77
6 39 82
6 46 65
6 46 73
6 46 92
6 47 55
6 47 68
6 47 88
6 50 71
6 50 87
6 57 70
6 57 73
6 57 77
6 59 86
6 65 82
6 70 87
6 70 92
6 71 73
6 71 87
6 73 92
6 75 88
7 10 43
7 10 69
7 10 94
7 12 39
7 12 57
7 12 66
7 12 78
7 20 40
7 20 57
7 20 60
7 20 70
7 24 52
7 24 93
7 28 52
7 28 78
7 28 85
7 31 37
7 31 69
7 31 82
7 33 50
7 33 51
7 33 84
7 33 85
7 37 51
7 37 69
7 37 89
7 37 94
7 39 50
7 39 57
7 39 66
7 39 70
7 39 80
7 39 85
7 40 57
7 40 82
7 40 84
7 40 89
7 43 66
7 43 93
7 50 70
7 51 70
7 51 85
7 51 89
7 52 93
7 57 82
7 60 78
7 60 84
7 66 80
7 66 85
7 69 94
7 78 85
7 80 85
7 80 93
7 82 84
8 9 55
8 9 65
8 9 76
8 14 44
8 14 72
8 18 47
8 18 50
8 18 55
8 18 72
8 18 76
8 27 67
8 27 71
8 27 91
8 30 50
8 30 54
8 32 38
8 32 54
8 32 56
8 32 71
8 32 87
8 33 47
8 33 55
8 33 82
8 33 84
8 33 91
8 38 54
8 38 65
8 38 71
8 38 82
8 38 83
8 38 87
8 40 56
8 40 91
8 44 56
8 44 67
8 47 65
8 47 77
8 47 87
8 50 72
8 50 76
8 50 94
8 54 87
8 55 84
8 55 91
8 56 67
8 65 77
8 65 83
8 65 87
8 67 84
8 67 91
8 71 82
8 72 76
8 72 95
8 77 87
8 77 94
8 77 95
8 83 94
8 84 91
9 17 46
9 17 81
9 17 93
9 21 45
9 21 71
9 21 80
9 22 37
9 22 58
9 22 71
9 22 81
9 22 83
9 24 37
9 24 65
9 24 87
9 24 93
9 25 50
9 25 64
9 25 76
9 25 90
9 31 44
9 31 45
9 31 53
9 31 88
9 31 93
9 33 55
9 33 69
9 33 90
9 37 64
9 37 71
9 37 83
9 44 53
9 44 81
9 44 88
9 44 90
9 45 53
9 45 83
9 46 55
9 46 69
9 46 81
9 50 76
9 50 80
9 50 88
9 50 90
9 53 69
9 53 81
9 55 76
9 58 71
9 58 81
9 58 87
9 64 71
9 64 87
9 65 83
9 65 87
9 71 81
9 76 90
9 80 88
10 13 41
10 13 51
10 13 76
10 19 51
10 19 69
10 23 40
10 23 43
10 23 59
10 23 66
10 23 74
10 29 38
10 29 94
10 31 53
10 31 63
10 31 69
10 31 74
10 32 76
10 32 78
10 32 94
10 34 54
10 34 63
10 34 78
10 34 86
10 34 87
10 38 77
10 40 54
10 40 59
10 40 64
10 40 74
10 41 63
10 41 78
10 43 54
10 43 66
10 43 93
10 43 94
10 51 64
10 53 63
10 53 74
10 53 86
10 53 93
10 54 78
10 54 86
10 54 93
10 59 66
10 59 74
10 59 77
10 59 87
10 63 74
10 63 78
10 64 76
10 66 74
10 76 94
10 77 87
10 78 86
11 19 35
11 19 59
11 19 73
11 19 85
11 20 39
11 20 52
11 20 58
11 20 79
11 21 45
11 21 57
11 21 62
11 25 66
11 25 72
11 25 79
11 25 80
11 25 95
11 27 40
11 27 52
11 27 64
11 27 91
11 27 95
11 28 41
11 28 80
11 28 85
11 35 40
11 35 59
11 35 73
11 39 52
11 39 57
11 39 61
11 39 73
11 39 95
11 40 59
11 40 66
11 40 95
11 41 61
11 41 85
11 41 91
11 45 58
11 45 62
11 45 64
11 52 72
11 52 91
11 57 61
11 57 85
11 57 95
11 58 64
11 58 73
11 58 79
11 61 91
11 61 95
11 66 79
11 66 95
11 72 91
11 79 95
12 16 61
12 16 62
12 21 39
12 21 57
12 21 66
12 21 80
12 22 49
12 22 80
12 22 94
12 26 60
12 26 62
12 26 86
12 28 45
12 28 49
12 28 61
12 28 78
12 28 86
12 30 39
12 30 43
12 30 50
12 30 54
12 30 61
12 30 77
12 34 42
12 34 77
12 34 80
12 34 94
12 39 50
12 39 66
12 39 80
12 42 50
12 42 60
12 42 78
12 43 54
12 43 61
12 43 66
12 43 86
12 43 95
12 45 61
12 45 74
12 49 78
12 49 94
12 54 61
12 54 74
12 54 95
12 60 78
12 60 86
12 62 95
12 66 78
12 66 80
12 66 95
12 77 94
13 16 42
13 16 51
13 16 62
13 16 64
13 16 74
13 17 54
13 17 61
13 17 64
13 17 76
13 17 91
13 18 36
13 18 54
13 18 55
13 18 84
13 25 64
13 25 91
13 26 38
13 26 61
13 32 42
13 32 55
13 32 76
13 32 92
13 33 50
13 33 51
13 33 87
13 33 90
13 36 72
13 36 84
13 38 72
13 38 91
13 38 92
13 41 62
13 41 72
13 42 70
13 42 74
13 42 87
13 42 92
13 50 70
13 50 87
13 51 64
13 51 90
13 54 61
13 54 62
13 54 84
13 55 76
13 55 90
13 62 72
13 64 76
13 64 91
13 70 84
13 70 87
13 72 91
14 15 35
14 15 44
14 15 49
14 16 49
14 16 55
14 19 47
14 19 52
14 19 68
14 19 76
14 24 47
14 24 76
14 24 88
14 31 55
14 31 69
14 31 93
14 32 48
14 32 73
14 32 92
14 35 36
14 35 62
14 35 67
14 35 72
14 35 75
14 36 47
14 36 62
14 36 67
14 36 75
14 36 88
14 36 92
14 44 67
14 46 52
14 46 55
14 46 67
14 46 68
14 46 75
14 46 93
14 47 68
14 47 88
14 48 73
14 49 68
14 49 94
14 52 67
14 52 69
14 55 68
14 55 69
14 55 75
14 62 72
14 62 92
14 67 75
14 68 75
14 68 94
14 69 94
14 72 76
14 73 88
14 75 93
14 76 88
15 20 40
15 20 52
15 20 89
15 23 41
15 23 53
15 24 59
15 24 85
15 26 36
15 26 89
15 28 52
15 28 60
15 28 68
15 28 86
15 35 36
15 35 41
15 35 49
15 35 60
15 35 72
15 36 60
15 36 63
15 40 78
15 40 93
15 41 53
15 41 72
15 44 56
15 49 68
15 49 74
15 52 81
15 52 89
15 53 63
15 53 74
15 53 93
15 56 60
15 56 72
15 56 78
15 59 63
15 59 85
15 59 86
15 60 78
15 63 74
15 63 86
15 68 85
15 68 86
15 78 86
15 78 93
16 27 66
16 27 84
16 27 91
16 30 61
16 30 75
16 30 88
16 30 91
16 31 37
16 31 51
16 31 55
16 31 66
16 31 74
16 33 44
16 33 51
16 33 71
16 33 89
16 37 49
16 37 55
16 37 84
16 41 49
16 41 62
16 44 71
16 48 66
16 48 71
16 48 89
16 51 62
16 51 66
16 55 75
16 61 75
16 64 74
16 64 88
16 64 91
16 74 89
16 75 84
17 24 36
17 24 52
17 24 70
17 24 93
17 26 61
17 26 81
17 27 51
17 27 54
17 27 64
17 30 70
17 30 88
17 30 91
17 36 52
17 36 67
17 36 75
17 36 88
17 36 93
17 43 76
17 45 52
17 45 54
17 45 61
17 45 62
17 46 75
17 46 92
17 46 93
17 51 64
17 51 93
17 52 61
17 52 93
17 54 62
17 54 64
17 58 62
17 58 70
17 58 81
17 61 91
17 62 75
17 62 88
17 64 91
17 67 75
17 67 76
17 70 88
17 75 88
18 25 40
18 25 46
18 25 65
18 25 80
18 25 95
18 27 46
18 27 80
18 28 50
18 28 63
18 28 80
18 34 42
18 34 54
18 34 86
18 36 68
18 36 72
18 36 75
18 36 84
18 46 65
18 46 80
18 47 55
18 47 65
18 47 68
18 47 76
18 47 90
18 50 80
18 50 88
18 54 75
18 54 86
18 55 76
18 55 84
18 55 90
18 63 76
18 63 82
18 63 86
18 65 80
18 68 72
18 68 90
18 72 95
18 75 84
18 75 88
18 76 86
18 76 88
19 28 43
19 28 46
19 28 49
19 28 63
19 28 68
19 28 85
19 28 86
19 29 49
19 29 68
19 29 79
19 29 83
19 29 90
19 29 92
19 33 52
19 33 61
19 33 69
19 33 83
19 35 59
19 43 61
19 43 79
19 45 63
19 45 76
19 45 86
19 46 52
19 46 68
19 46 86
19 47 59
19 47 63
19 47 76
19 49 63
19 49 68
19 49 83
19 49 85
19 51 92
19 52 68
19 52 69
19 59 85
19 63 85
19 68 83
19 68 86
19 69 90
19 76 90
19 79 90
20 25 42
20 25 53
20 25 79
20 26 39
20 26 57
20 26 70
20 26 89
20 33 44
20 33 87
20 33 91
20 34 53
20 34 69
20 34 86
20 39 57
20 39 70
20 39 73
20 40 82
20 40 89
20 42 60
20 44 79
20 44 87
20 52 79
20 52 81
20 52 91
20 53 69
20 53 82
20 57 70
20 57 82
20 58 64
20 58 73
20 58 81
20 64 87
20 64 89
20 69 73
20 69 81
20 70 73
20 73 81
20 81 91
21 27 37
21 27 54
21 27 71
21 27 81
21 27 82
21 29 37
21 29 59
21 29 86
21 29 90
21 31 45
21 31 62
21 31 66
21 31 78
21 31 82
21 34 69
21 34 80
21 37 57
21 37 71
21 37 85
21 38 54
21 39 57
21 39 69
21 39 82
21 45 82
21 54 82
21 55 86
21 57 85
21 59 86
21 62 92
21 66 78
21 69 82
21 69 92
21 71 81
21 78 85
21 78 92
21 81 86
21 85 90
22 25 48
22 25 57
22 25 73
22 25 95
22 26 48
22 26 53
22 26 65
22 26 81
22 26 83
22 29 57
22 29 71
22 32 94
22 37 57
22 37 71
22 37 81
22 39 73
22 39 80
22 46 49
22 46 68
22 46 73
22 46 81
22 48 65
22 48 83
22 48 95
22 49 73
22 53 77
22 53 81
22 53 94
22 57 71
22 57 73
22 58 95
22 61 83
22 61 93
22 65 77
22 65 83
22 65 95
22 68 93
22 71 83
22 77 94
22 80 94
23 25 40
23 25 50
23 25 53
23 25 73
23 30 43
23 30 56
23 30 66
23 30 74
23 30 77
23 34 70
23 34 79
23 34 88
23 35 41
23 35 69
23 35 73
23 35 95
23 39 59
23 39 66
23 39 69
23 39 77
23 39 89
23 39 95
23 40 66
23 40 73
23 40 95
23 41 95
23 43 50
23 43 59
23 43 94
23 48 73
23 48 88
23 48 89
23 50 94
23 53 74
23 56 77
23 56 79
23 59 66
23 59 77
23 66 74
23 69 73
23 69 89
23 70 79
23 77 95
24 36 47
24 36 70
24 36 84
24 36 88
24 37 64
24 37 68
24 45 52
24 47 68
24 47 76
24 47 85
24 47 88
24 57 64
24 57 77
24 58 70
24 58 72
24 58 87
24 59 76
24 59 85
24 64 87
24 65 84
24 65 93
24 68 85
24 70 87
24 70 88
24 72 76
24 72 77
25 40 65
25 40 66
25 40 93
25 40 95
25 42 66
25 42 79
25 43 50
25 43 76
25 43 80
25 43 93
25 46 73
25 46 91
25 48 65
25 48 73
25 50 73
25 50 80
25 57 95
25 64 76
25 65 95
25 66 80
25 66 93
25 72 91
25 72 93
25 72 95
25 79 90
26 36 60
26 38 57
26 38 77
26 38 92
26 39 70
26 39 89
26 44 48
26 44 62
26 44 83
26 48 62
26 48 81
26 48 95
26 51 89
26 53 65
26 53 77
26 57 70
26 57 92
26 60 92
26 61 83
26 62 86
26 62 95
26 65 77
26 65 95
27 37 81
27 37 84
27 37 85
27 39 52
27 39 82
27 39 89
27 39 95
27 40 51
27 40 59
27 40 64
27 40 66
27 40 89
27 40 91
27 46 65
27 46 80
27 51 66
27 51 85
27 52 82
27 52 89
27 54 64
27 59 65
27 59 89
27 64 91
27 65 80
27 65 89
27 66 95
27 67 84
27 71 81
27 71 82
27 82 89
27 84 85
27 84 91
28 41 55
28 41 61
28 41 94
28 43 61
28 43 63
28 43 75
28 43 79
28 43 86
28 45 63
28 45 78
28 45 86
28 46 49
28 46 52
28 46 80
28 49 68
28 49 83
28 49 94
28 50 83
28 52 68
28 55 61
28 55 94
28 60 75
28 60 78
28 60 86
28 61 75
28 63 80
28 63 86
28 68 83
28 68 85
28 68 94
28 78 86
28 80 85
28 83 94
29 37 57
29 37 71
29 37 90
29 38 56
29 38 83
29 43 79
29 43 94
29 44 71
29 44 83
29 44 86
29 49 63
29 49 92
29 56 59
29 56 92
29 63 82
29 67 76
29 67 94
29 68 86
29 68 90
29 71 83
29 76 90
29 76 94
29 79 83
30 38 54
30 38 74
30 39 61
30 39 66
30 39 77
30 42 50
30 42 56
30 42 70
30 42 72
30 43 50
30 43 66
30 49 73
30 50 72
30 54 74
30 56 74
30 61 77
30 61 91
30 66 93
30 72 93
30 73 91
30 75 88
31 37 51
31 40 74
31 40 82
31 44 53
31 44 81
31 44 90
31 45 62
31 45 78
31 45 88
31 48 66
31 48 81
31 51 62
31 51 90
31 53 69
31 53 81
31 53 93
31 55 75
31 62 78
31 63 78
31 63 88
31 66 74
31 69 82
31 75 93
32 38 48
32 38 56
32 38 71
32 38 92
32 42 58
32 42 74
32 42 76
32 42 87
32 47 87
32 54 78
32 55 81
32 56 67
32 56 74
32 58 64
32 58 76
32 58 87
32 60 67
32 60 81
32 60 94
32 64 71
32 64 73
32 64 76
32 67 81
32 71 87
32 71 92
32 73 92
33 39 50
33 39 61
33 39 85
33 41 69
33 41 85
33 44 90
33 47 55
33 47 87
33 50 90
33 51 71
33 51 89
33 52 61
33 52 68
33 52 83
33 52 91
33 55 68
33 55 69
33 55 90
33 61 83
33 68 83
33 69 90
33 71 82
33 71 89
33 82 84
33 83 89
33 84 85
34 36 62
34 36 70
34 41 58
34 41 62
34 41 63
34 41 78
34 42 78
34 45 53
34 45 58
34 45 63
34 45 79
34 45 88
34 47 77
34 47 87
34 47 94
34 53 63
34 53 80
34 53 86
34 54 87
34 58 62
34 58 88
34 62 70
34 62 88
34 63 78
34 63 86
34 70 88
34 77 87
34 80 94
35 36 62
35 36 72
35 36 92
35 40 73
35 40 84
35 40 95
35 41 49
35 41 69
35 41 84
35 46 67
35 46 75
35 49 74
35 56 60
35 56 67
35 56 72
35 56 92
35 58 73
35 60 92
35 62 75
35 62 92
35 69 89
35 84 95
36 47 51
36 47 67
36 47 68
36 51 68
36 51 93
36 52 67
36 60 80
36 60 92
36 62 72
36 62 75
36 62 88
36 68 75
36 70 84
36 70 88
36 75 88
36 75 93
36 80 93
37 49 69
37 49 85
37 51 68
37 51 70
37 51 85
37 51 90
37 55 68
37 55 84
37 55 94
37 57 64
37 57 71
37 68 85
37 68 90
37 69 89
37 69 94
37 71 81
37 71 83
37 83 89
37 85 90
38 48 71
38 54 65
38 54 82
38 56 74
38 56 89
38 56 92
38 57 64
38 57 77
38 57 91
38 64 71
38 64 89
38 64 91
38 65 77
38 65 82
38 65 87
38 71 83
38 71 87
38 71 89
38 74 82
38 74 89
38 77 87
38 82 89
38 83 87
39 50 80
39 52 61
39 57 70
39 57 73
39 57 82
39 57 85
39 59 77
39 59 89
39 66 95
39 69 73
39 69 77
39 70 85
39 80 88
39 82 95
40 51 64
40 51 89
40 54 64
40 54 74
40 54 78
40 54 93
40 56 78
40 56 91
40 57 82
40 57 84
40 57 95
40 59 65
40 59 66
40 64 74
40 64 89
40 65 89
40 65 93
40 66 74
40 66 95
40 74 82
40 82 89
40 84 91
41 49 69
41 49 94
41 53 63
41 55 69
41 55 94
41 61 77
41 61 95
41 62 78
41 72 77
41 72 91
41 77 91
41 77 95
41 84 85
41 84 95
42 49 78
42 49 92
42 50 60
42 50 70
42 50 87
42 56 72
42 56 74
42 56 79
42 56 90
42 58 72
42 58 76
42 66 78
42 66 79
42 70 92
42 74 87
42 79 90
43 48 75
43 50 76
43 54 86
43 54 95
43 59 66
43 59 80
43 60 75
43 60 86
43 61 79
43 61 95
43 63 80
43 66 80
43 66 93
43 75 86
43 76 94
43 80 93
44 48 71
44 48 79
44 48 81
44 48 83
44 50 60
44 50 88
44 50 90
44 56 60
44 60 67
44 60 75
44 62 86
44 67 75
44 67 81
44 71 81
44 75 86
44 79 83
44 79 87
44 81 90
45 52 82
45 53 86
45 54 61
45 54 64
45 54 74
45 54 82
45 58 62
45 58 79
45 62 88
45 63 76
45 63 78
45 63 86
45 63 88
45 64 74
45 76 86
46 49 68
46 52 68
46 52 69
46 52 93
46 53 69
46 53 81
46 53 86
46 55 67
46 55 69
46 55 81
46 55 91
46 67 75
46 68 93
46 69 81
46 73 81
46 73 91
46 75 93
46 81 86
47 55 68
47 55 90
47 59 63
47 59 76
47 59 80
47 59 85
47 63 76
47 63 85
47 65 80
47 67 90
47 68 94
47 76 88
47 76 90
47 77 94
47 80 85
47 80 94
48 58 62
48 58 79
48 58 88
48 58 95
48 62 95
48 65 95
48 71 83
48 71 89
48 73 88
48 79 83
49 63 74
49 66 78
49 66 85
49 68 85
49 69 94
49 78 92
50 70 87
50 71 73
50 76 88
50 76 94
50 80 88
50 83 94
51 62 78
51 66 85
51 68 93
51 70 85
51 71 92
51 78 85
51 78 92
52 61 91
52 61 93
52 67 79
52 68 83
52 69 81
52 72 91
52 83 89
53 60 80
53 60 94
53 63 80
53 63 86
53 65 77
53 65 82
53 69 81
53 69 82
53 80 94
54 61 84
54 61 95
54 62 75
54 62 95
54 65 87
54 65 93
54 74 82
54 75 84
54 75 86
54 78 93
55 61 75
55 67 75
55 67 81
55 67 84
55 67 90
55 67 91
55 68 90
55 68 94
55 69 94
55 75 84
55 76 86
55 76 90
55 81 86
55 81 91
56 59 77
56 60 67
56 67 91
56 72 90
57 61 84
57 61 91
57 64 71
57 70 73
57 70 92
57 71 73
57 73 92
57 77 91
57 82 84
57 82 95
57 84 91
57 84 95
58 62 70
58 62 88
58 64 71
58 64 73
58 64 87
58 70 73
58 70 88
58 71 87
58 72 76
58 73 88
58 79 95
59 63 74
59 63 80
59 63 85
59 65 80
59 65 89
59 66 74
59 74 87
60 67 81
60 67 94
60 75 86
60 78 86
61 75 84
61 77 91
61 79 95
61 84 95
62 70 88
62 75 86
62 78 92
63 76 88
63 78 86
63 80 85
64 71 73
64 71 87
64 73 88
64 74 89
65 77 95
65 82 89
65 83 87
66 78 85
66 80 93
67 76 90
67 81 90
67 84 91
68 72 90
68 75 93
69 73 81
69 82 92
70 73 92
71 73 92
71 82 89
71 83 89
72 77 95
73 81 91
74 82 89
79 83 87
