176
0 7 20 54 
0 7 20 66 
0 20 54 66 
1 2 22 37 
1 7 9 58 
1 22 37 63 
1 26 60 85 
1 60 70 78 
1 60 78 85 
2 18 42 63 
2 18 63 95 
2 18 69 95 
3 6 18 69 
3 6 69 95 
3 18 69 95 
3 30 57 65 
3 63 69 95 
4 13 81 82 
4 23 61 82 
4 23 81 82 
5 8 48 68 
5 8 68 87 
7 9 58 73 
9 20 45 70 
9 45 53 70 
10 12 13 34 
10 12 34 62 
10 13 34 62 
10 35 44 67 
11 17 37 90 
11 37 78 90 
12 22 76 89 
13 14 43 78 
13 47 61 91 
13 48 81 82 
14 43 55 78 
16 37 78 90 
18 31 62 75 
18 42 63 95 
18 63 69 95 
19 29 49 90 
19 32 49 90 
21 27 91 92 
21 28 59 74 
21 83 91 92 
21 83 91 93 
21 91 92 93 
23 24 41 65 
23 24 54 65 
23 54 65 80 
24 47 61 91 
26 37 55 64 
26 37 64 88 
26 55 64 88 
27 91 92 93 
28 42 46 75 
28 46 75 77 
29 32 51 60 
29 36 69 73 
29 36 73 85 
29 73 85 94 
30 41 87 88 
31 62 75 81 
33 39 52 89 
39 52 89 95 
41 42 68 86 
42 63 69 95 
54 65 80 81 
