16
9
13
8
7
8
7
12
12
7
11
10
9
12
13
11
9
11
7
12
8
11
12
10
12
9
9
11
8
12
11
9
11
12
10
9
8
9
12
9
9
7
10
10
9
12
10
12
10
9
15
9
9
8
7
14
12
9
8
9
7
7
11
11
8
7
11
10
10
9
10
10
7
7
10
7
11
7
9
13
5
8
16
12
8
7
10
10
12
9
10
11
12
9
10
9
12
0 7 20 49 54 65 66 72 73 
1 2 9 22 26 37 55 58 60 70 78 79 85 
1 2 15 18 22 31 63 95 
3 6 18 57 65 69 95 
4 23 25 32 46 81 82 84 
5 8 16 45 48 68 87 
3 6 21 24 36 38 39 59 69 84 92 95 
0 7 9 20 36 39 54 56 58 61 66 73 
5 8 40 48 68 81 87 
1 7 9 20 30 45 54 58 70 79 80 
10 12 13 34 35 44 51 62 67 81 
11 17 18 20 37 56 66 78 90 
10 12 22 34 46 50 52 58 62 73 87 89 
10 13 14 34 43 48 56 61 62 80 81 82 91 
13 14 16 30 43 45 55 61 74 78 88 
2 15 22 26 31 67 75 85 95 
5 14 16 17 45 49 50 70 78 88 90 
11 16 17 20 49 50 90 
2 3 11 18 31 42 62 63 66 69 75 95 
19 29 37 49 51 53 69 90 
0 7 9 11 17 20 49 54 56 66 70 
6 21 24 28 38 59 74 77 83 91 92 93 
1 2 12 15 22 37 63 76 85 89 
4 23 24 25 31 54 61 65 74 81 82 91 
6 21 23 24 41 47 61 65 91 
4 23 25 44 57 72 84 91 93 
1 15 26 37 44 55 64 67 85 88 94 
27 47 68 83 86 91 92 93 
21 28 31 42 46 59 67 74 75 77 82 84 
19 29 32 36 49 51 60 69 73 85 94 
9 14 30 41 45 54 57 65 88 
2 15 18 23 28 31 62 74 75 81 82 
4 29 32 43 46 48 49 51 60 78 81 90 
33 38 39 40 48 52 55 76 89 92 
10 12 13 34 46 62 67 75 82 
10 35 44 49 51 53 67 94 
6 7 29 36 39 69 73 85 92 
1 11 19 22 26 37 55 63 64 69 78 90 
6 21 33 38 39 44 77 89 92 
6 7 33 36 38 39 52 89 95 
8 33 40 54 76 81 86 
24 30 41 65 68 71 86 87 88 94 
18 28 42 45 57 63 68 75 86 95 
13 14 32 43 55 64 78 81 90 
10 25 26 35 38 44 67 71 72 87 89 94 
5 9 14 16 30 42 45 53 57 70 
4 12 28 32 34 46 50 59 73 75 77 82 
24 27 47 52 58 61 68 87 91 93 
5 8 13 32 33 48 55 78 81 
0 16 17 19 20 29 32 35 49 53 70 73 77 83 90 
12 16 17 46 50 59 62 66 87 
10 19 29 32 35 51 53 81 94 
12 33 39 47 52 58 87 89 
19 35 45 49 51 53 70 
0 7 9 20 23 30 40 54 56 65 80 81 82 86 
1 14 26 33 37 43 48 55 64 78 79 88 
7 11 13 20 54 56 61 80 82 
3 25 30 42 45 57 65 93 
1 7 9 12 47 52 58 73 93 
6 21 28 46 50 59 84 
1 29 32 60 70 78 85 
7 13 14 23 24 47 56 61 74 82 91 
10 12 13 18 31 34 50 62 66 75 81 
2 18 22 37 42 63 69 95 
26 37 43 55 64 88 90 
0 3 23 24 30 41 54 57 65 72 80 
0 7 11 18 20 50 62 66 71 72 
10 15 26 28 34 35 44 67 75 84 
5 8 27 41 42 47 68 86 87 
3 6 18 19 29 36 37 63 69 95 
1 9 16 20 45 49 53 60 70 78 
41 44 66 71 72 87 94 
0 25 44 65 66 71 72 
0 7 12 29 36 46 49 58 73 85 
14 21 23 28 31 61 74 
15 18 28 31 34 42 46 62 67 75 95 
22 33 40 76 77 86 89 
21 28 38 46 49 76 77 83 86 
1 11 14 16 32 37 43 48 55 60 70 78 90 
1 9 55 79 80 
9 13 54 56 65 79 80 81 
4 8 10 13 23 31 32 40 43 48 51 54 62 80 81 82 
4 13 23 28 31 34 46 54 56 61 81 82 
21 27 49 77 83 86 91 93 
4 6 25 28 59 67 84 
1 15 22 26 29 36 60 73 85 94 
27 40 41 42 54 68 76 77 83 86 
5 8 12 41 44 47 50 52 68 71 87 88 
14 16 26 30 41 55 64 87 88 
12 22 33 38 39 44 52 76 89 95 
11 16 17 19 32 37 43 49 64 78 90 
13 21 23 24 25 27 47 61 83 91 92 93 
6 21 27 33 36 38 91 92 93 
21 25 27 47 57 58 83 91 92 93 
26 29 35 41 44 51 71 85 94 
2 3 6 15 18 39 42 63 69 75 89 95 
