60
60
60
60
60
60
60
60
60
60
60
60
60
60
60
60
60
60
60
60
60
60
60
60
60
60
60
60
11
11
11
11
11
11
11
11
11
11
11
11
11
11
11
11
11
11
11
11
11
11
11
11
11
11
11
13
13
13
13
13
13
13
13
13
13
13
13
13
13
13
13
13
13
13
13
13
13
13
13
13
13
13
11
11
11
11
11
11
11
11
11
11
11
11
11
11
11
11
11
11
11
11
11
11
11
11
11
11
11
60
60
60
60
60
60
60
60
60
60
60
60
60
60
60
60
60
60
60
60
60
60
60
60
60
60
60
13
13
13
13
13
13
13
13
13
13
13
13
13
13
13
13
13
13
13
13
13
13
13
13
13
13
13
12
12
12
12
12
12
12
12
12
12
12
12
12
12
12
12
12
12
12
12
12
12
12
12
12
12
12
12
12
12
12
12
12
12
12
12
12
12
12
12
12
12
12
12
12
12
12
12
12
12
12
12
12
12
55
55
55
55
55
55
55
55
55
55
55
55
55
55
55
55
55
55
55
55
55
55
55
55
55
55
55
10
10
10
10
10
10
10
10
10
10
10
10
10
10
10
10
10
10
10
10
10
10
10
10
10
10
10
11
11
11
11
11
11
11
11
11
11
11
11
11
11
11
11
11
11
11
11
11
11
11
11
11
11
11
10
10
10
10
10
10
10
10
10
10
10
10
10
10
10
10
10
10
10
10
10
10
10
10
10
10
10
0
0
0
0
0
0
0
0
0
0
0
0
0
0
0
0
0
0
0
0
0
0
0
0
0
0
0
0
0
0
0
0
0
0
0
0
0
0
0
0
0
0
0
0
0
0
0
0
0
0
0
0
0
0
4
4
4
4
4
4
4
4
4
4
4
4
4
4
4
4
4
4
4
4
4
4
4
4
4
4
4
6
6
6
6
6
6
6
6
6
6
6
6
6
6
6
6
6
6
6
6
6
6
6
6
6
6
6
5
5
5
5
5
5
5
5
5
5
5
5
5
5
5
5
5
5
5
5
5
5
5
5
5
5
5
0
0
0
0
0
0
0
0
0
0
0
0
0
0
0
0
0
0
0
0
0
0
0
0
0
0
0
3
3
3
3
3
3
3
3
3
3
3
3
3
3
3
3
3
3
3
3
3
3
3
3
3
3
3
3
3
3
3
3
3
3
3
3
3
3
3
3
3
3
3
3
3
3
3
3
3
3
3
3
3
3
5
5
5
5
5
5
5
5
5
5
5
5
5
5
5
5
5
5
5
5
5
5
5
5
5
5
5
0
0
0
0
0
0
0
0
0
0
0
0
0
0
0
0
0
0
0
0
0
0
0
0
0
0
0
0
0
0
0
0
0
0
0
0
0
0
0
0
0
0
0
0
0
0
0
0
0
0
0
0
0
0
7
7
7
7
7
7
7
7
7
7
7
7
7
7
7
7
7
7
7
7
7
7
7
7
7
7
7
0 32 38 40 64 75 80 85 90 106 108 112 115 116 118 121 122 123 126 128 130 133 135 138 155 167 168 184 194 215 216 218 220 225 227 229 232 233 234 236 238 239 245 263 268 283 289 291 297 303 312 383 426 430 436 488 527 560 623 645 
1 33 39 41 54 65 76 86 91 107 109 113 116 117 119 122 123 124 127 129 131 134 136 139 156 168 169 185 189 195 217 219 221 226 228 230 233 234 235 237 239 240 246 264 269 284 290 292 298 304 313 384 427 431 437 489 528 561 624 646 
2 34 40 42 55 66 77 81 87 92 108 110 114 117 118 120 123 124 125 128 130 132 137 140 157 169 170 186 190 196 218 220 222 227 229 231 234 235 236 238 240 241 243 247 265 285 291 293 299 305 314 385 405 428 438 490 529 562 625 647 
3 35 41 43 56 67 78 82 88 93 109 111 115 118 119 121 124 125 126 129 131 133 138 141 158 170 171 187 191 197 219 221 223 228 230 232 235 236 237 239 241 242 244 248 266 286 292 294 300 306 315 386 406 429 439 491 530 563 621 626 
4 36 42 44 57 68 79 83 89 94 110 112 116 119 120 122 125 126 127 130 132 134 139 142 159 171 172 188 192 198 216 220 222 224 229 231 233 236 237 238 240 242 245 249 267 287 293 295 301 307 316 387 407 430 440 492 531 564 622 627 
5 37 43 45 58 69 80 84 90 95 108 111 113 117 120 121 123 126 127 128 131 133 140 143 160 162 172 173 193 199 216 217 221 223 225 230 232 234 237 238 239 241 246 250 268 288 294 296 302 308 317 388 408 431 441 493 532 565 623 628 
6 38 44 46 54 59 70 85 91 96 109 112 114 118 121 122 124 127 128 129 132 134 141 144 161 163 173 174 194 200 217 218 222 224 226 231 233 235 238 239 240 242 247 251 269 270 289 295 303 309 318 389 405 409 442 494 533 566 624 629 
7 39 45 47 55 60 71 86 92 97 108 110 113 115 119 122 123 125 128 129 130 133 135 142 145 164 174 175 195 201 216 218 219 223 225 227 232 234 236 239 240 241 243 248 252 271 290 296 304 310 319 390 406 410 443 495 534 540 625 630 
8 40 46 48 56 61 72 87 93 98 109 111 114 116 120 123 124 126 129 130 131 134 136 143 146 165 175 176 196 202 217 219 220 224 226 228 233 235 237 240 241 242 244 249 253 270 272 291 305 311 320 391 407 411 444 496 535 541 626 631 
9 41 47 49 57 62 73 88 94 99 108 110 112 115 117 121 124 125 127 130 131 132 137 144 147 166 176 177 197 203 216 218 220 221 225 227 229 234 236 238 241 242 245 250 254 271 273 292 306 312 321 392 408 412 445 497 536 542 627 632 
10 42 48 50 58 63 74 89 95 100 109 111 113 116 118 122 125 126 128 131 132 133 138 145 148 167 177 178 198 204 216 217 219 221 222 226 228 230 235 237 239 242 246 251 255 272 274 293 307 313 322 393 409 413 446 498 537 543 628 633 
11 43 49 51 59 64 75 90 96 101 110 112 114 117 119 123 126 127 129 132 133 134 139 146 149 168 178 179 199 205 216 217 218 220 222 223 227 229 231 236 238 240 247 252 256 273 275 294 308 314 323 394 410 414 447 499 538 544 629 634 
12 44 50 52 60 65 76 91 97 102 108 111 113 115 118 120 124 127 128 130 133 134 140 147 150 169 179 180 200 206 217 218 219 221 223 224 228 230 232 237 239 241 248 253 257 274 276 295 297 309 315 395 411 415 448 500 539 545 630 635 
13 45 51 53 61 66 77 92 98 103 108 109 112 114 116 119 121 125 128 129 131 134 141 148 151 170 180 181 201 207 218 219 220 222 224 225 229 231 233 238 240 242 249 254 258 275 277 296 298 310 316 396 412 416 449 501 513 546 631 636 
14 27 46 52 62 67 78 93 99 104 108 109 110 113 115 117 120 122 126 129 130 132 142 149 152 171 181 182 202 208 216 219 220 221 223 225 226 230 232 234 239 241 250 255 259 270 276 278 299 311 317 397 413 417 450 502 514 547 632 637 
15 28 47 53 63 68 79 94 100 105 109 110 111 114 116 118 121 123 127 130 131 133 143 150 153 172 182 183 203 209 217 220 221 222 224 226 227 231 233 235 240 242 251 256 260 271 277 279 300 312 318 398 414 418 451 503 515 548 633 638 
16 27 29 48 64 69 80 95 101 106 110 111 112 115 117 119 122 124 128 131 132 134 144 151 154 173 183 184 204 210 216 218 221 222 223 225 227 228 232 234 236 241 252 257 261 272 278 280 301 313 319 399 415 419 452 504 516 549 634 639 
17 28 30 49 54 65 70 96 102 107 108 111 112 113 116 118 120 123 125 129 132 133 145 152 155 174 184 185 205 211 217 219 222 223 224 226 228 229 233 235 237 242 253 258 262 273 279 281 302 314 320 400 416 420 453 505 517 550 635 640 
18 29 31 50 55 66 71 81 97 103 109 112 113 114 117 119 121 124 126 130 133 134 146 153 156 175 185 186 206 212 216 218 220 223 224 225 227 229 230 234 236 238 254 259 263 274 280 282 303 315 321 401 417 421 454 506 518 551 636 641 
19 30 32 51 56 67 72 82 98 104 108 110 113 114 115 118 120 122 125 127 131 134 147 154 157 176 186 187 207 213 217 219 221 224 225 226 228 230 231 235 237 239 255 260 264 275 281 283 304 316 322 402 418 422 455 507 519 552 637 642 
20 31 33 52 57 68 73 83 99 105 108 109 111 114 115 116 119 121 123 126 128 132 148 155 158 177 187 188 208 214 218 220 222 225 226 227 229 231 232 236 238 240 256 261 265 276 282 284 305 317 323 403 419 423 456 508 520 553 638 643 
21 32 34 53 58 69 74 84 100 106 109 110 112 115 116 117 120 122 124 127 129 133 149 156 159 162 178 188 209 215 219 221 223 226 227 228 230 232 233 237 239 241 257 262 266 277 283 285 297 306 318 404 420 424 457 509 521 554 639 644 
22 27 33 35 59 70 75 85 101 107 110 111 113 116 117 118 121 123 125 128 130 134 150 157 160 162 163 179 189 210 220 222 224 227 228 229 231 233 234 238 240 242 258 263 267 278 284 286 298 307 319 378 421 425 458 510 522 555 640 645 
23 28 34 36 60 71 76 81 86 102 108 111 112 114 117 118 119 122 124 126 129 131 151 158 161 163 164 180 190 211 216 221 223 225 228 229 230 232 234 235 239 241 259 264 268 279 285 287 299 308 320 379 422 426 432 511 523 556 641 646 
24 29 35 37 61 72 77 82 87 103 109 112 113 115 118 119 120 123 125 127 130 132 135 152 159 164 165 181 191 212 217 222 224 226 229 230 231 233 235 236 240 242 260 265 269 280 286 288 300 309 321 380 423 427 433 512 524 557 642 647 
25 30 36 38 62 73 78 83 88 104 110 113 114 116 119 120 121 124 126 128 131 133 136 153 160 165 166 182 192 213 216 218 223 225 227 230 231 232 234 236 237 241 243 261 266 281 287 289 301 310 322 381 424 428 434 486 525 558 621 643 
26 31 37 39 63 74 79 84 89 105 111 114 115 117 120 121 122 125 127 129 132 134 137 154 161 166 167 183 193 214 217 219 224 226 228 231 232 233 235 237 238 242 244 262 267 282 288 290 302 311 323 382 425 429 435 487 526 559 622 644 
14 16 22 27 110 111 125 152 219 225 228 
15 17 23 28 111 112 126 153 220 226 229 
16 18 24 29 112 113 127 154 221 227 230 
17 19 25 30 113 114 128 155 222 228 231 
18 20 26 31 114 115 129 156 223 229 232 
0 19 21 32 115 116 130 157 224 230 233 
1 20 22 33 116 117 131 158 225 231 234 
2 21 23 34 117 118 132 159 226 232 235 
3 22 24 35 118 119 133 160 227 233 236 
4 23 25 36 119 120 134 161 228 234 237 
5 24 26 37 108 120 121 135 229 235 238 
0 6 25 38 109 121 122 136 230 236 239 
1 7 26 39 110 122 123 137 231 237 240 
0 2 8 40 111 123 124 138 232 238 241 
1 3 9 41 112 124 125 139 233 239 242 
2 4 10 42 113 125 126 140 216 234 240 
3 5 11 43 114 126 127 141 217 235 241 
4 6 12 44 115 127 128 142 218 236 242 
5 7 13 45 116 128 129 143 216 219 237 
6 8 14 46 117 129 130 144 217 220 238 
7 9 15 47 118 130 131 145 218 221 239 
8 10 16 48 119 131 132 146 219 222 240 
9 11 17 49 120 132 133 147 220 223 241 
10 12 18 50 121 133 134 148 221 224 242 
11 13 19 51 108 122 134 149 216 222 225 
12 14 20 52 108 109 123 150 217 223 226 
13 15 21 53 109 110 124 151 218 224 227 
1 6 17 54 118 123 129 145 195 217 230 240 270 
2 7 18 55 119 124 130 146 196 218 231 241 271 
3 8 19 56 120 125 131 147 197 219 232 242 272 
4 9 20 57 121 126 132 148 198 216 220 233 273 
5 10 21 58 122 127 133 149 199 217 221 234 274 
6 11 22 59 123 128 134 150 200 218 222 235 275 
7 12 23 60 108 124 129 151 201 219 223 236 276 
8 13 24 61 109 125 130 152 202 220 224 237 277 
9 14 25 62 110 126 131 153 203 221 225 238 278 
10 15 26 63 111 127 132 154 204 222 226 239 279 
0 11 16 64 112 128 133 155 205 223 227 240 280 
1 12 17 65 113 129 134 156 206 224 228 241 281 
2 13 18 66 108 114 130 157 207 225 229 242 282 
3 14 19 67 109 115 131 158 208 216 226 230 283 
4 15 20 68 110 116 132 159 209 217 227 231 284 
5 16 21 69 111 117 133 160 210 218 228 232 285 
6 17 22 70 112 118 134 161 211 219 229 233 286 
7 18 23 71 108 113 119 135 212 220 230 234 287 
8 19 24 72 109 114 120 136 213 221 231 235 288 
9 20 25 73 110 115 121 137 214 222 232 236 289 
10 21 26 74 111 116 122 138 215 223 233 237 290 
0 11 22 75 112 117 123 139 189 224 234 238 291 
1 12 23 76 113 118 124 140 190 225 235 239 292 
2 13 24 77 114 119 125 141 191 226 236 240 293 
3 14 25 78 115 120 126 142 192 227 237 241 294 
4 15 26 79 116 121 127 143 193 228 238 242 295 
0 5 16 80 117 122 128 144 194 216 229 239 296 
2 18 23 81 114 124 128 223 225 241 432 
3 19 24 82 115 125 129 224 226 242 433 
4 20 25 83 116 126 130 216 225 227 434 
5 21 26 84 117 127 131 217 226 228 435 
0 6 22 85 118 128 132 218 227 229 436 
1 7 23 86 119 129 133 219 228 230 437 
2 8 24 87 120 130 134 220 229 231 438 
3 9 25 88 108 121 131 221 230 232 439 
4 10 26 89 109 122 132 222 231 233 440 
0 5 11 90 110 123 133 223 232 234 441 
1 6 12 91 111 124 134 224 233 235 442 
2 7 13 92 108 112 125 225 234 236 443 
3 8 14 93 109 113 126 226 235 237 444 
4 9 15 94 110 114 127 227 236 238 445 
5 10 16 95 111 115 128 228 237 239 446 
6 11 17 96 112 116 129 229 238 240 447 
7 12 18 97 113 117 130 230 239 241 448 
8 13 19 98 114 118 131 231 240 242 449 
9 14 20 99 115 119 132 216 232 241 450 
10 15 21 100 116 120 133 217 233 242 451 
11 16 22 101 117 121 134 216 218 234 452 
12 17 23 102 108 118 122 217 219 235 453 
13 18 24 103 109 119 123 218 220 236 454 
14 19 25 104 110 120 124 219 221 237 455 
15 20 26 105 111 121 125 220 222 238 456 
0 16 21 106 112 122 126 221 223 239 457 
1 17 22 107 113 123 127 222 224 240 458 
0 2 5 7 9 12 13 14 17 19 20 23 37 51 52 60 66 71 88 92 102 108 135 150 157 170 175 199 202 207 216 217 221 222 225 229 230 236 237 238 240 242 250 253 259 276 281 287 297 305 322 395 412 422 456 532 540 545 625 632 
1 3 6 8 10 13 14 15 18 20 21 24 38 52 53 61 67 72 89 93 103 109 136 151 158 171 176 200 203 208 216 217 218 222 223 226 230 231 237 238 239 241 251 254 260 277 282 288 298 306 323 396 413 423 457 533 541 546 626 633 
2 4 7 9 11 14 15 16 19 21 22 25 27 39 53 62 68 73 90 94 104 110 137 152 159 172 177 201 204 209 217 218 219 223 224 227 231 232 238 239 240 242 252 255 261 278 283 289 297 299 307 397 414 424 458 534 542 547 627 634 
3 5 8 10 12 15 16 17 20 22 23 26 27 28 40 63 69 74 91 95 105 111 138 153 160 173 178 202 205 210 216 218 219 220 224 225 228 232 233 239 240 241 253 256 262 279 284 290 298 300 308 398 415 425 432 535 543 548 628 635 
0 4 6 9 11 13 16 17 18 21 23 24 28 29 41 64 70 75 92 96 106 112 139 154 161 174 179 203 206 211 217 219 220 221 225 226 229 233 234 240 241 242 254 257 263 280 285 291 299 301 309 399 416 426 433 536 544 549 629 636 
1 5 7 10 12 14 17 18 19 22 24 25 29 30 42 65 71 76 93 97 107 113 135 140 155 175 180 204 207 212 216 218 220 221 222 226 227 230 234 235 241 242 255 258 264 281 286 292 300 302 310 400 417 427 434 537 545 550 630 637 
2 6 8 11 13 15 18 19 20 23 25 26 30 31 43 66 72 77 81 94 98 114 136 141 156 176 181 205 208 213 216 217 219 221 222 223 227 228 231 235 236 242 256 259 265 282 287 293 301 303 311 401 418 428 435 538 546 551 631 638 
0 3 7 9 12 14 16 19 20 21 24 26 31 32 44 67 73 78 82 95 99 115 137 142 157 177 182 206 209 214 216 217 218 220 222 223 224 228 229 232 236 237 257 260 266 283 288 294 302 304 312 402 419 429 436 539 547 552 632 639 
0 1 4 8 10 13 15 17 20 21 22 25 32 33 45 68 74 79 83 96 100 116 138 143 158 178 183 207 210 215 217 218 219 221 223 224 225 229 230 233 237 238 258 261 267 284 289 295 303 305 313 403 420 430 437 513 548 553 633 640 
1 2 5 9 11 14 16 18 21 22 23 26 33 34 46 69 75 80 84 97 101 117 139 144 159 179 184 189 208 211 218 219 220 222 224 225 226 230 231 234 238 239 259 262 268 285 290 296 304 306 314 404 421 431 438 514 549 554 634 641 
0 2 3 6 10 12 15 17 19 22 23 24 34 35 47 54 70 76 85 98 102 118 140 145 160 180 185 190 209 212 219 220 221 223 225 226 227 231 232 235 239 240 260 263 269 270 286 291 305 307 315 378 405 422 439 515 550 555 635 642 
1 3 4 7 11 13 16 18 20 23 24 25 35 36 48 55 71 77 86 99 103 119 141 146 161 181 186 191 210 213 220 221 222 224 226 227 228 232 233 236 240 241 243 261 264 271 287 292 306 308 316 379 406 423 440 516 551 556 636 643 
2 4 5 8 12 14 17 19 21 24 25 26 36 37 49 56 72 78 87 100 104 120 135 142 147 182 187 192 211 214 221 222 223 225 227 228 229 233 234 237 241 242 244 262 265 272 288 293 307 309 317 380 407 424 441 517 552 557 637 644 
0 3 5 6 9 13 15 18 20 22 25 26 37 38 50 57 73 79 88 101 105 121 136 143 148 183 188 193 212 215 216 222 223 224 226 228 229 230 234 235 238 242 245 263 266 273 289 294 308 310 318 381 408 425 442 518 553 558 638 645 
0 1 4 6 7 10 14 16 19 21 23 26 38 39 51 58 74 80 89 102 106 122 137 144 149 162 184 189 194 213 216 217 223 224 225 227 229 230 231 235 236 239 246 264 267 274 290 295 309 311 319 382 409 426 443 519 554 559 639 646 
0 1 2 5 7 8 11 15 17 20 22 24 39 40 52 54 59 75 90 103 107 123 138 145 150 163 185 190 195 214 217 218 224 225 226 228 230 231 232 236 237 240 247 265 268 275 291 296 310 312 320 383 410 427 444 520 555 560 640 647 
1 2 3 6 8 9 12 16 18 21 23 25 40 41 53 55 60 76 81 91 104 124 139 146 151 164 186 191 196 215 218 219 225 226 227 229 231 232 233 237 238 241 248 266 269 270 276 292 311 313 321 384 411 428 445 521 556 561 621 641 
2 3 4 7 9 10 13 17 19 22 24 26 27 41 42 56 61 77 82 92 105 125 140 147 152 165 187 189 192 197 219 220 226 227 228 230 232 233 234 238 239 242 243 249 267 271 277 293 312 314 322 385 412 429 446 522 557 562 622 642 
0 3 4 5 8 10 11 14 18 20 23 25 28 42 43 57 62 78 83 93 106 126 141 148 153 166 188 190 193 198 216 220 221 227 228 229 231 233 234 235 239 240 244 250 268 272 278 294 313 315 323 386 413 430 447 523 558 563 623 643 
1 4 5 6 9 11 12 15 19 21 24 26 29 43 44 58 63 79 84 94 107 127 142 149 154 162 167 191 194 199 217 221 222 228 229 230 232 234 235 236 240 241 245 251 269 273 279 295 297 314 316 387 414 431 448 524 559 564 624 644 
0 2 5 6 7 10 12 13 16 20 22 25 30 44 45 59 64 80 81 85 95 128 143 150 155 163 168 192 195 200 218 222 223 229 230 231 233 235 236 237 241 242 243 246 252 274 280 296 298 315 317 388 405 415 449 525 560 565 625 645 
1 3 6 7 8 11 13 14 17 21 23 26 31 45 46 54 60 65 82 86 96 129 144 151 156 164 169 193 196 201 216 219 223 224 230 231 232 234 236 237 238 242 244 247 253 270 275 281 299 316 318 389 406 416 450 526 561 566 626 646 
0 2 4 7 8 9 12 14 15 18 22 24 32 46 47 55 61 66 83 87 97 130 145 152 157 165 170 194 197 202 216 217 220 224 225 231 232 233 235 237 238 239 245 248 254 271 276 282 300 317 319 390 407 417 451 527 540 562 627 647 
1 3 5 8 9 10 13 15 16 19 23 25 33 47 48 56 62 67 84 88 98 131 146 153 158 166 171 195 198 203 217 218 221 225 226 232 233 234 236 238 239 240 246 249 255 272 277 283 301 318 320 391 408 418 452 528 541 563 621 628 
2 4 6 9 10 11 14 16 17 20 24 26 34 48 49 57 63 68 85 89 99 132 147 154 159 167 172 196 199 204 218 219 222 226 227 233 234 235 237 239 240 241 247 250 256 273 278 284 302 319 321 392 409 419 453 529 542 564 622 629 
0 3 5 7 10 11 12 15 17 18 21 25 35 49 50 58 64 69 86 90 100 133 148 155 160 168 173 197 200 205 219 220 223 227 228 234 235 236 238 240 241 242 248 251 257 274 279 285 303 320 322 393 410 420 454 530 543 565 623 630 
1 4 6 8 11 12 13 16 18 19 22 26 36 50 51 59 65 70 87 91 101 134 149 156 161 169 174 198 201 206 216 220 221 224 228 229 235 236 237 239 241 242 249 252 258 275 280 286 304 321 323 394 411 421 455 531 544 566 624 631 
0 7 24 37 71 108 113 120 135 212 216 229 234 
1 8 25 38 72 109 114 121 136 213 217 230 235 
2 9 26 39 73 110 115 122 137 214 218 231 236 
0 3 10 40 74 111 116 123 138 215 219 232 237 
1 4 11 41 75 112 117 124 139 189 220 233 238 
2 5 12 42 76 113 118 125 140 190 221 234 239 
3 6 13 43 77 114 119 126 141 191 222 235 240 
4 7 14 44 78 115 120 127 142 192 223 236 241 
5 8 15 45 79 116 121 128 143 193 224 237 242 
6 9 16 46 80 117 122 129 144 194 216 225 238 
7 10 17 47 54 118 123 130 145 195 217 226 239 
8 11 18 48 55 119 124 131 146 196 218 227 240 
9 12 19 49 56 120 125 132 147 197 219 228 241 
10 13 20 50 57 121 126 133 148 198 220 229 242 
11 14 21 51 58 122 127 134 149 199 216 221 230 
12 15 22 52 59 108 123 128 150 200 217 222 231 
13 16 23 53 60 109 124 129 151 201 218 223 232 
14 17 24 27 61 110 125 130 152 202 219 224 233 
15 18 25 28 62 111 126 131 153 203 220 225 234 
16 19 26 29 63 112 127 132 154 204 221 226 235 
0 17 20 30 64 113 128 133 155 205 222 227 236 
1 18 21 31 65 114 129 134 156 206 223 228 237 
2 19 22 32 66 108 115 130 157 207 224 229 238 
3 20 23 33 67 109 116 131 158 208 225 230 239 
4 21 24 34 68 110 117 132 159 209 226 231 240 
5 22 25 35 69 111 118 133 160 210 227 232 241 
6 23 26 36 70 112 119 134 161 211 228 233 242 
5 21 22 122 127 162 189 223 228 241 510 559 
6 22 23 123 128 163 190 224 229 242 511 560 
7 23 24 124 129 164 191 216 225 230 512 561 
8 24 25 125 130 165 192 217 226 231 486 562 
9 25 26 126 131 166 193 218 227 232 487 563 
0 10 26 127 132 167 194 219 228 233 488 564 
0 1 11 128 133 168 195 220 229 234 489 565 
1 2 12 129 134 169 196 221 230 235 490 566 
2 3 13 108 130 170 197 222 231 236 491 540 
3 4 14 109 131 171 198 223 232 237 492 541 
4 5 15 110 132 172 199 224 233 238 493 542 
5 6 16 111 133 173 200 225 234 239 494 543 
6 7 17 112 134 174 201 226 235 240 495 544 
7 8 18 108 113 175 202 227 236 241 496 545 
8 9 19 109 114 176 203 228 237 242 497 546 
9 10 20 110 115 177 204 216 229 238 498 547 
10 11 21 111 116 178 205 217 230 239 499 548 
11 12 22 112 117 179 206 218 231 240 500 549 
12 13 23 113 118 180 207 219 232 241 501 550 
13 14 24 114 119 181 208 220 233 242 502 551 
14 15 25 115 120 182 209 216 221 234 503 552 
15 16 26 116 121 183 210 217 222 235 504 553 
0 16 17 117 122 184 211 218 223 236 505 554 
1 17 18 118 123 185 212 219 224 237 506 555 
2 18 19 119 124 186 213 220 225 238 507 556 
3 19 20 120 125 187 214 221 226 239 508 557 
4 20 21 121 126 188 215 222 227 240 509 558 
1 22 75 117 122 125 139 162 189 228 238 239 
2 23 76 118 123 126 140 163 190 229 239 240 
3 24 77 119 124 127 141 164 191 230 240 241 
4 25 78 120 125 128 142 165 192 231 241 242 
5 26 79 121 126 129 143 166 193 216 232 242 
0 6 80 122 127 130 144 167 194 216 217 233 
1 7 54 123 128 131 145 168 195 217 218 234 
2 8 55 124 129 132 146 169 196 218 219 235 
3 9 56 125 130 133 147 170 197 219 220 236 
4 10 57 126 131 134 148 171 198 220 221 237 
5 11 58 108 127 132 149 172 199 221 222 238 
6 12 59 109 128 133 150 173 200 222 223 239 
7 13 60 110 129 134 151 174 201 223 224 240 
8 14 61 108 111 130 152 175 202 224 225 241 
9 15 62 109 112 131 153 176 203 225 226 242 
10 16 63 110 113 132 154 177 204 216 226 227 
11 17 64 111 114 133 155 178 205 217 227 228 
12 18 65 112 115 134 156 179 206 218 228 229 
13 19 66 108 113 116 157 180 207 219 229 230 
14 20 67 109 114 117 158 181 208 220 230 231 
15 21 68 110 115 118 159 182 209 221 231 232 
16 22 69 111 116 119 160 183 210 222 232 233 
17 23 70 112 117 120 161 184 211 223 233 234 
18 24 71 113 118 121 135 185 212 224 234 235 
19 25 72 114 119 122 136 186 213 225 235 236 
20 26 73 115 120 123 137 187 214 226 236 237 
0 21 74 116 121 124 138 188 215 227 237 238 
0 4 5 7 9 10 11 14 16 18 23 25 42 45 51 57 67 80 83 99 101 108 109 111 113 114 115 121 122 126 129 130 134 135 144 149 164 177 182 193 194 204 216 245 250 254 273 287 301 308 381 408 434 623 639 
1 5 6 8 10 11 12 15 17 19 24 26 43 46 52 54 58 68 84 100 102 108 109 110 112 114 115 116 122 123 127 130 131 136 145 150 165 178 183 194 195 205 217 246 251 255 274 288 302 309 382 409 435 624 640 
0 2 6 7 9 11 12 13 16 18 20 25 44 47 53 55 59 69 85 101 103 109 110 111 113 115 116 117 123 124 128 131 132 137 146 151 166 179 184 195 196 206 218 247 252 256 275 289 303 310 383 410 436 625 641 
1 3 7 8 10 12 13 14 17 19 21 26 27 45 48 56 60 70 86 102 104 110 111 112 114 116 117 118 124 125 129 132 133 138 147 152 167 180 185 196 197 207 219 248 253 257 276 290 304 311 384 411 437 626 642 
0 2 4 8 9 11 13 14 15 18 20 22 28 46 49 57 61 71 87 103 105 111 112 113 115 117 118 119 125 126 130 133 134 139 148 153 168 181 186 197 198 208 220 249 254 258 277 291 305 312 385 412 438 627 643 
1 3 5 9 10 12 14 15 16 19 21 23 29 47 50 58 62 72 88 104 106 108 112 113 114 116 118 119 120 126 127 131 134 140 149 154 169 182 187 198 199 209 221 250 255 259 278 292 306 313 386 413 439 628 644 
2 4 6 10 11 13 15 16 17 20 22 24 30 48 51 59 63 73 89 105 107 108 109 113 114 115 117 119 120 121 127 128 132 141 150 155 170 183 188 199 200 210 222 251 256 260 279 293 307 314 387 414 440 629 645 
3 5 7 11 12 14 16 17 18 21 23 25 31 49 52 60 64 74 81 90 106 109 110 114 115 116 118 120 121 122 128 129 133 142 151 156 162 171 184 200 201 211 223 252 257 261 280 294 308 315 388 415 441 630 646 
4 6 8 12 13 15 17 18 19 22 24 26 32 50 53 61 65 75 82 91 107 110 111 115 116 117 119 121 122 123 129 130 134 143 152 157 163 172 185 201 202 212 224 253 258 262 281 295 309 316 389 416 442 631 647 
0 5 7 9 13 14 16 18 19 20 23 25 27 33 51 62 66 76 81 83 92 108 111 112 116 117 118 120 122 123 124 130 131 144 153 158 164 173 186 202 203 213 225 254 259 263 282 296 310 317 390 417 443 621 632 
1 6 8 10 14 15 17 19 20 21 24 26 28 34 52 63 67 77 82 84 93 109 112 113 117 118 119 121 123 124 125 131 132 145 154 159 165 174 187 203 204 214 226 255 260 264 270 283 311 318 391 418 444 622 633 
0 2 7 9 11 15 16 18 20 21 22 25 29 35 53 64 68 78 83 85 94 110 113 114 118 119 120 122 124 125 126 132 133 146 155 160 166 175 188 204 205 215 227 256 261 265 271 284 312 319 392 419 445 623 634 
1 3 8 10 12 16 17 19 21 22 23 26 27 30 36 65 69 79 84 86 95 111 114 115 119 120 121 123 125 126 127 133 134 147 156 161 162 167 176 189 205 206 228 257 262 266 272 285 313 320 393 420 446 624 635 
0 2 4 9 11 13 17 18 20 22 23 24 28 31 37 66 70 80 85 87 96 108 112 115 116 120 121 122 124 126 127 128 134 135 148 157 163 168 177 190 206 207 229 258 263 267 273 286 314 321 394 421 447 625 636 
1 3 5 10 12 14 18 19 21 23 24 25 29 32 38 54 67 71 86 88 97 108 109 113 116 117 121 122 123 125 127 128 129 136 149 158 164 169 178 191 207 208 230 259 264 268 274 287 315 322 395 422 448 626 637 
2 4 6 11 13 15 19 20 22 24 25 26 30 33 39 55 68 72 87 89 98 109 110 114 117 118 122 123 124 126 128 129 130 137 150 159 165 170 179 192 208 209 231 260 265 269 275 288 316 323 396 423 449 627 638 
0 3 5 7 12 14 16 20 21 23 25 26 31 34 40 56 69 73 88 90 99 110 111 115 118 119 123 124 125 127 129 130 131 138 151 160 166 171 180 193 209 210 232 243 261 266 276 289 297 317 397 424 450 628 639 
0 1 4 6 8 13 15 17 21 22 24 26 32 35 41 57 70 74 89 91 100 111 112 116 119 120 124 125 126 128 130 131 132 139 152 161 167 172 181 194 210 211 233 244 262 267 277 290 298 318 398 425 451 629 640 
0 1 2 5 7 9 14 16 18 22 23 25 33 36 42 58 71 75 90 92 101 112 113 117 120 121 125 126 127 129 131 132 133 135 140 153 168 173 182 195 211 212 234 245 263 268 278 291 299 319 399 426 452 630 641 
1 2 3 6 8 10 15 17 19 23 24 26 34 37 43 59 72 76 91 93 102 113 114 118 121 122 126 127 128 130 132 133 134 136 141 154 169 174 183 196 212 213 235 246 264 269 279 292 300 320 400 427 453 631 642 
0 2 3 4 7 9 11 16 18 20 24 25 35 38 44 60 73 77 92 94 103 108 114 115 119 122 123 127 128 129 131 133 134 137 142 155 170 175 184 197 213 214 236 243 247 265 280 293 301 321 401 428 454 632 643 
1 3 4 5 8 10 12 17 19 21 25 26 36 39 45 61 74 78 93 95 104 108 109 115 116 120 123 124 128 129 130 132 134 138 143 156 171 176 185 198 214 215 237 244 248 266 281 294 302 322 402 429 455 633 644 
0 2 4 5 6 9 11 13 18 20 22 26 37 40 46 62 75 79 94 96 105 108 109 110 116 117 121 124 125 129 130 131 133 139 144 157 172 177 186 189 199 215 238 245 249 267 282 295 303 323 403 430 456 634 645 
0 1 3 5 6 7 10 12 14 19 21 23 38 41 47 63 76 80 95 97 106 109 110 111 117 118 122 125 126 130 131 132 134 140 145 158 173 178 187 189 190 200 239 246 250 268 283 296 297 304 404 431 457 635 646 
1 2 4 6 7 8 11 13 15 20 22 24 39 42 48 54 64 77 96 98 107 108 110 111 112 118 119 123 126 127 131 132 133 141 146 159 174 179 188 190 191 201 240 247 251 269 270 284 298 305 378 405 458 636 647 
2 3 5 7 8 9 12 14 16 21 23 25 40 43 49 55 65 78 81 97 99 109 111 112 113 119 120 124 127 128 132 133 134 142 147 160 162 175 180 191 192 202 241 243 248 252 271 285 299 306 379 406 432 621 637 
3 4 6 8 9 10 13 15 17 22 24 26 41 44 50 56 66 79 82 98 100 108 110 112 113 114 120 121 125 128 129 133 134 143 148 161 163 176 181 192 193 203 242 244 249 253 272 286 300 307 380 407 433 622 638 
2 7 25 119 125 128 232 236 241 243 
3 8 26 120 126 129 233 237 242 244 
0 4 9 121 127 130 216 234 238 245 
1 5 10 122 128 131 217 235 239 246 
2 6 11 123 129 132 218 236 240 247 
3 7 12 124 130 133 219 237 241 248 
4 8 13 125 131 134 220 238 242 249 
5 9 14 108 126 132 216 221 239 250 
6 10 15 109 127 133 217 222 240 251 
7 11 16 110 128 134 218 223 241 252 
8 12 17 108 111 129 219 224 242 253 
9 13 18 109 112 130 216 220 225 254 
10 14 19 110 113 131 217 221 226 255 
11 15 20 111 114 132 218 222 227 256 
12 16 21 112 115 133 219 223 228 257 
13 17 22 113 116 134 220 224 229 258 
14 18 23 108 114 117 221 225 230 259 
15 19 24 109 115 118 222 226 231 260 
16 20 25 110 116 119 223 227 232 261 
17 21 26 111 117 120 224 228 233 262 
0 18 22 112 118 121 225 229 234 263 
1 19 23 113 119 122 226 230 235 264 
2 20 24 114 120 123 227 231 236 265 
3 21 25 115 121 124 228 232 237 266 
4 22 26 116 122 125 229 233 238 267 
0 5 23 117 123 126 230 234 239 268 
1 6 24 118 124 127 231 235 240 269 
6 8 14 54 118 124 129 226 240 270 311 
7 9 15 55 119 125 130 227 241 271 312 
8 10 16 56 120 126 131 228 242 272 313 
9 11 17 57 121 127 132 216 229 273 314 
10 12 18 58 122 128 133 217 230 274 315 
11 13 19 59 123 129 134 218 231 275 316 
12 14 20 60 108 124 130 219 232 276 317 
13 15 21 61 109 125 131 220 233 277 318 
14 16 22 62 110 126 132 221 234 278 319 
15 17 23 63 111 127 133 222 235 279 320 
16 18 24 64 112 128 134 223 236 280 321 
17 19 25 65 108 113 129 224 237 281 322 
18 20 26 66 109 114 130 225 238 282 323 
0 19 21 67 110 115 131 226 239 283 297 
1 20 22 68 111 116 132 227 240 284 298 
2 21 23 69 112 117 133 228 241 285 299 
3 22 24 70 113 118 134 229 242 286 300 
4 23 25 71 108 114 119 216 230 287 301 
5 24 26 72 109 115 120 217 231 288 302 
0 6 25 73 110 116 121 218 232 289 303 
1 7 26 74 111 117 122 219 233 290 304 
0 2 8 75 112 118 123 220 234 291 305 
1 3 9 76 113 119 124 221 235 292 306 
2 4 10 77 114 120 125 222 236 293 307 
3 5 11 78 115 121 126 223 237 294 308 
4 6 12 79 116 122 127 224 238 295 309 
5 7 13 80 117 123 128 225 239 296 310 
0 12 21 108 110 127 232 239 283 297 
1 13 22 109 111 128 233 240 284 298 
2 14 23 110 112 129 234 241 285 299 
3 15 24 111 113 130 235 242 286 300 
4 16 25 112 114 131 216 236 287 301 
5 17 26 113 115 132 217 237 288 302 
0 6 18 114 116 133 218 238 289 303 
1 7 19 115 117 134 219 239 290 304 
2 8 20 108 116 118 220 240 291 305 
3 9 21 109 117 119 221 241 292 306 
4 10 22 110 118 120 222 242 293 307 
5 11 23 111 119 121 216 223 294 308 
6 12 24 112 120 122 217 224 295 309 
7 13 25 113 121 123 218 225 296 310 
8 14 26 114 122 124 219 226 270 311 
0 9 15 115 123 125 220 227 271 312 
1 10 16 116 124 126 221 228 272 313 
2 11 17 117 125 127 222 229 273 314 
3 12 18 118 126 128 223 230 274 315 
4 13 19 119 127 129 224 231 275 316 
5 14 20 120 128 130 225 232 276 317 
6 15 21 121 129 131 226 233 277 318 
7 16 22 122 130 132 227 234 278 319 
8 17 23 123 131 133 228 235 279 320 
9 18 24 124 132 134 229 236 280 321 
10 19 25 108 125 133 230 237 281 322 
11 20 26 109 126 134 231 238 282 323 






















































22 118 240 378 
23 119 241 379 
24 120 242 380 
25 121 216 381 
26 122 217 382 
0 123 218 383 
1 124 219 384 
2 125 220 385 
3 126 221 386 
4 127 222 387 
5 128 223 388 
6 129 224 389 
7 130 225 390 
8 131 226 391 
9 132 227 392 
10 133 228 393 
11 134 229 394 
12 108 230 395 
13 109 231 396 
14 110 232 397 
15 111 233 398 
16 112 234 399 
17 113 235 400 
18 114 236 401 
19 115 237 402 
20 116 238 403 
21 117 239 404 
2 6 118 128 240 405 
3 7 119 129 241 406 
4 8 120 130 242 407 
5 9 121 131 216 408 
6 10 122 132 217 409 
7 11 123 133 218 410 
8 12 124 134 219 411 
9 13 108 125 220 412 
10 14 109 126 221 413 
11 15 110 127 222 414 
12 16 111 128 223 415 
13 17 112 129 224 416 
14 18 113 130 225 417 
15 19 114 131 226 418 
16 20 115 132 227 419 
17 21 116 133 228 420 
18 22 117 134 229 421 
19 23 108 118 230 422 
20 24 109 119 231 423 
21 25 110 120 232 424 
22 26 111 121 233 425 
0 23 112 122 234 426 
1 24 113 123 235 427 
2 25 114 124 236 428 
3 26 115 125 237 429 
0 4 116 126 238 430 
1 5 117 127 239 431 
23 81 111 241 432 
24 82 112 242 433 
25 83 113 216 434 
26 84 114 217 435 
0 85 115 218 436 
1 86 116 219 437 
2 87 117 220 438 
3 88 118 221 439 
4 89 119 222 440 
5 90 120 223 441 
6 91 121 224 442 
7 92 122 225 443 
8 93 123 226 444 
9 94 124 227 445 
10 95 125 228 446 
11 96 126 229 447 
12 97 127 230 448 
13 98 128 231 449 
14 99 129 232 450 
15 100 130 233 451 
16 101 131 234 452 
17 102 132 235 453 
18 103 133 236 454 
19 104 134 237 455 
20 105 108 238 456 
21 106 109 239 457 
22 107 110 240 458 



























25 165 486 
26 166 487 
0 167 488 
1 168 489 
2 169 490 
3 170 491 
4 171 492 
5 172 493 
6 173 494 
7 174 495 
8 175 496 
9 176 497 
10 177 498 
11 178 499 
12 179 500 
13 180 501 
14 181 502 
15 182 503 
16 183 504 
17 184 505 
18 185 506 
19 186 507 
20 187 508 
21 188 509 
22 162 510 
23 163 511 
24 164 512 
13 116 513 
14 117 514 
15 118 515 
16 119 516 
17 120 517 
18 121 518 
19 122 519 
20 123 520 
21 124 521 
22 125 522 
23 126 523 
24 127 524 
25 128 525 
26 129 526 
0 130 527 
1 131 528 
2 132 529 
3 133 530 
4 134 531 
5 108 532 
6 109 533 
7 110 534 
8 111 535 
9 112 536 
10 113 537 
11 114 538 
12 115 539 
7 108 130 170 540 
8 109 131 171 541 
9 110 132 172 542 
10 111 133 173 543 
11 112 134 174 544 
12 108 113 175 545 
13 109 114 176 546 
14 110 115 177 547 
15 111 116 178 548 
16 112 117 179 549 
17 113 118 180 550 
18 114 119 181 551 
19 115 120 182 552 
20 116 121 183 553 
21 117 122 184 554 
22 118 123 185 555 
23 119 124 186 556 
24 120 125 187 557 
25 121 126 188 558 
26 122 127 162 559 
0 123 128 163 560 
1 124 129 164 561 
2 125 130 165 562 
3 126 131 166 563 
4 127 132 167 564 
5 128 133 168 565 
6 129 134 169 566 






















































3 25 124 131 225 241 621 
4 26 125 132 226 242 622 
0 5 126 133 216 227 623 
1 6 127 134 217 228 624 
2 7 108 128 218 229 625 
3 8 109 129 219 230 626 
4 9 110 130 220 231 627 
5 10 111 131 221 232 628 
6 11 112 132 222 233 629 
7 12 113 133 223 234 630 
8 13 114 134 224 235 631 
9 14 108 115 225 236 632 
10 15 109 116 226 237 633 
11 16 110 117 227 238 634 
12 17 111 118 228 239 635 
13 18 112 119 229 240 636 
14 19 113 120 230 241 637 
15 20 114 121 231 242 638 
16 21 115 122 216 232 639 
17 22 116 123 217 233 640 
18 23 117 124 218 234 641 
19 24 118 125 219 235 642 
20 25 119 126 220 236 643 
21 26 120 127 221 237 644 
0 22 121 128 222 238 645 
1 23 122 129 223 239 646 
2 24 123 130 224 240 647 
