1326 4
23 64 38 2 
23 64 46 59 
23 16 27 2 
23 96 85 65 
23 64 12 91 
23 64 70 20 
23 64 54 20 
23 16 68 65 
23 16 27 65 
23 16 27 38 
23 90 45 65 
96 3 32 76 
96 64 70 4 
96 64 46 58 
3 64 12 61 
3 64 57 10 
3 64 38 2 
3 64 46 10 
3 64 54 71 
3 16 27 2 
16 64 19 32 
16 64 54 68 
16 3 72 95 
16 64 70 95 
16 64 6 89 
90 3 72 45 
90 3 63 11 
90 64 6 88 
90 64 54 11 
90 23 59 40 
90 3 72 39 
90 3 80 34 
90 64 70 40 
90 64 38 77 
12 70 20 21 
12 64 6 51 
12 64 54 21 
57 12 44 81 
57 19 63 81 
57 70 20 21 
57 64 54 21 
57 12 44 14 
57 12 79 15 
57 19 63 14 
57 70 52 35 
57 64 54 35 
19 57 10 58 
19 64 46 58 
38 70 95 27 
38 70 85 27 
38 70 85 65 
38 64 54 20 
64 12 79 46 
4 52 68 76 
4 95 72 25 
4 95 42 25 
4 20 21 81 
4 20 71 80 
95 52 68 16 
20 95 45 65 
20 95 36 91 
20 95 27 65 
20 95 27 38 
20 95 86 23 
20 52 36 91 
20 52 68 65 
20 30 74 23 
20 30 50 91 
20 70 85 65 
52 95 27 49 
52 20 50 33 
52 30 47 5 
52 70 85 5 
30 52 54 50 
30 20 71 61 
42 55 32 16 
42 87 9 89 
42 87 29 16 
42 66 73 95 
42 55 24 25 
42 55 32 72 
42 55 8 48 
42 87 28 48 
42 87 9 88 
42 87 43 69 
42 87 84 48 
42 87 22 25 
42 31 59 48 
42 66 24 25 
42 66 73 72 
42 66 26 48 
1 87 69 54 
1 87 43 54 
1 42 86 74 
1 42 86 37 
1 55 24 73 
1 55 32 67 
1 55 21 67 
1 87 28 37 
1 87 78 74 
1 31 59 74 
1 31 59 8 
31 55 24 58 
31 1 21 10 
31 87 28 94 
31 87 69 46 
31 87 43 46 
31 87 84 94 
31 87 22 94 
31 66 26 94 
31 42 27 65 
31 42 27 56 
31 55 41 56 
31 55 82 44 
31 55 83 15 
31 55 57 15 
31 1 20 65 
31 87 41 56 
31 87 77 65 
31 87 9 89 
31 66 26 65 
66 87 41 24 
66 55 41 80 
66 55 82 81 
66 55 24 25 
66 55 10 80 
66 1 21 81 
66 1 71 80 
66 87 41 80 
66 87 69 25 
66 87 43 4 
66 87 22 25 
66 87 22 7 
66 31 58 4 
66 31 10 80 
28 87 22 92 
28 87 22 94 
28 41 24 26 
28 41 24 92 
28 87 78 30 
28 87 22 93 
28 9 89 86 
41 28 84 18 
41 87 84 18 
41 9 51 18 
41 9 17 18 
41 9 88 53 
77 28 84 91 
77 28 26 65 
77 87 84 91 
77 9 17 91 
77 69 54 20 
77 28 48 40 
77 87 22 39 
77 41 53 40 
77 9 88 90 
9 87 43 6 
9 87 78 33 
9 87 29 5 
9 41 24 5 
9 41 83 5 
9 69 54 52 
69 87 84 48 
69 87 22 25 
69 41 24 25 
69 41 32 72 
69 41 53 48 
69 9 89 42 
43 22 75 46 
43 84 94 58 
43 22 75 76 
43 22 94 58 
43 22 7 96 
78 43 54 50 
78 84 48 40 
78 84 18 34 
78 84 91 77 
78 22 62 40 
78 22 7 40 
29 43 54 68 
29 84 26 85 
29 84 18 60 
29 22 62 83 
29 22 7 85 
84 43 6 17 
84 43 54 36 
84 43 54 50 
84 22 75 17 
84 22 39 36 
34 49 2 80 
34 14 11 53 
34 93 60 18 
34 6 51 18 
34 6 17 18 
34 6 88 53 
34 92 84 18 
34 49 38 77 
34 14 11 90 
34 14 62 40 
34 93 7 40 
34 6 88 90 
34 92 22 39 
34 92 62 40 
34 92 48 40 
49 6 89 27 
49 92 75 79 
49 92 26 27 
49 14 11 52 
49 14 83 5 
49 93 60 5 
49 6 54 52 
14 6 54 35 
14 92 75 15 
93 49 2 61 
93 49 2 86 
93 6 89 86 
6 92 75 46 
6 92 75 17 
41 82 11 53 
41 55 10 80 
41 55 21 18 
41 32 3 80 
41 32 67 18 
82 32 29 5 
55 32 63 81 
32 82 11 68 
83 82 11 35 
83 82 81 57 
83 24 75 15 
83 32 63 14 
83 24 26 85 
83 24 22 60 
83 24 75 29 
83 55 21 60 
83 32 67 60 
83 32 68 85 
66 24 22 7 
66 73 72 25 
66 26 48 25 
66 58 10 80 
5 24 22 60 
5 24 62 83 
5 24 75 29 
5 73 45 85 
5 26 27 49 
73 24 22 39 
73 24 62 8 
73 26 48 8 
73 26 28 37 
73 58 59 74 
73 58 59 8 
26 24 22 94 
26 24 75 68 
26 73 95 27 
58 24 22 94 
58 24 92 94 
58 24 75 46 
58 24 75 76 
44 91 18 56 
44 79 17 89 
44 79 46 31 
44 79 38 65 
44 12 18 56 
44 61 80 56 
91 44 11 36 
91 79 71 50 
91 33 74 23 
91 79 71 20 
91 79 2 23 
91 61 2 23 
33 79 71 50 
33 44 11 52 
33 79 17 9 
33 12 60 5 
12 44 81 21 
12 33 50 18 
12 79 71 21 
12 79 17 51 
12 79 17 18 
61 44 81 10 
61 79 46 10 
61 33 74 86 
61 79 2 86 
3 63 81 10 
72 63 11 36 
72 32 16 42 
72 63 11 88 
32 63 11 68 
67 72 36 18 
67 63 81 21 
67 3 2 74 
67 3 61 37 
67 63 81 8 
63 3 2 13 
63 72 45 13 
63 32 29 47 
63 67 60 47 
25 22 39 72 
25 22 94 48 
25 75 17 88 
25 75 46 69 
25 75 16 42 
25 75 71 80 
25 75 76 4 
62 22 94 48 
62 22 94 59 
62 22 7 40 
62 92 94 59 
62 75 46 59 
39 94 48 40 
39 94 59 40 
39 60 18 34 
93 39 95 86 
93 94 10 61 
93 94 59 86 
7 39 72 25 
7 94 48 25 
7 94 58 4 
7 94 10 80 
7 60 18 80 
60 39 36 18 
60 94 84 18 
60 39 45 85 
60 94 26 85 
48 84 18 53 
28 94 10 61 
28 94 59 86 
7 40 48 25 
40 85 65 77 
15 71 21 57 
15 46 54 35 
15 71 20 65 
15 71 80 56 
15 17 18 56 
15 17 91 65 
15 75 16 89 
15 75 68 65 
15 46 6 89 
15 79 38 65 
17 46 54 36 
17 46 54 50 
75 46 54 68 
46 71 21 10 
79 17 89 27 
79 75 16 27 
79 75 68 27 
46 54 21 10 
69 6 89 42 
69 46 59 48 
69 54 36 72 
69 54 11 88 
43 54 68 76 
63 14 83 47 
63 11 68 76 
63 81 57 35 
63 81 21 51 
81 11 54 21 
81 11 88 25 
81 11 53 80 
44 11 68 65 
44 11 35 15 
44 11 45 65 
44 11 53 56 
44 81 10 31 
44 81 57 15 
82 14 83 5 
68 36 95 27 
35 54 21 57 
35 36 45 13 
35 36 18 51 
35 68 29 47 
35 68 85 47 
35 54 21 51 
35 54 50 47 
52 68 29 5 
52 68 85 5 
52 68 27 49 
52 35 83 5 
52 54 50 33 
73 45 13 74 
73 45 53 8 
73 36 18 67 
73 95 86 74 
73 95 86 37 
72 45 53 48 
39 45 53 34 
39 45 53 40 
39 45 65 77 
39 36 18 34 
39 36 91 77 
20 71 2 23 
20 50 74 23 
1 71 2 74 
1 71 61 37 
1 50 30 37 
1 50 18 67 
9 51 60 5 
9 89 27 49 
51 89 86 13 
89 51 18 56 
89 17 18 56 
89 17 91 65 
89 88 45 65 
89 88 53 56 
74 50 18 67 
47 50 18 60 
47 50 18 51 
78 74 59 40 
78 74 23 77 
78 50 18 34 
78 50 91 77 
76 16 86 13 
76 68 85 47 
29 16 27 85 
89 27 38 65 
89 86 23 65 
42 86 59 48 
86 27 2 61 
88 13 59 48 
90 45 65 77 
90 13 59 40 
90 13 23 77 
13 45 27 2 
13 45 85 47 
53 45 27 56 
81 10 58 4 
81 8 48 25 
81 21 18 80 
8 10 2 59 
8 10 80 53 
8 21 18 53 
8 10 59 74 
8 10 2 74 
8 10 61 37 
65 27 2 23 
31 10 80 56 
31 59 23 65 
59 10 80 53 
56 2 23 65 
67 18 53 8 
80 53 48 25 
96 37 86 16 
96 37 86 23 
96 37 61 3 
96 37 74 23 
96 7 80 3 
96 85 27 16 
96 85 68 16 
96 85 45 90 
96 85 29 16 
96 40 53 90 
96 40 59 23 
96 40 77 23 
96 76 13 23 
3 72 69 64 
3 72 88 90 
3 72 42 16 
3 67 37 96 
3 67 74 23 
3 19 43 64 
3 19 76 16 
3 63 76 16 
3 63 76 96 
3 63 13 90 
3 63 13 23 
3 61 86 23 
3 80 4 96 
64 12 67 3 
64 19 76 16 
64 38 27 16 
64 69 88 90 
64 69 42 16 
64 43 76 16 
16 76 13 90 
16 76 13 23 
16 68 45 90 
16 89 65 23 
16 42 88 90 
16 27 45 90 
16 86 13 90 
16 86 2 3 
16 86 61 3 
90 13 2 3 
90 13 76 96 
90 53 80 3 
90 53 59 23 
12 44 63 19 
12 44 65 38 
12 44 56 38 
12 44 15 57 
12 33 49 38 
12 61 2 38 
12 61 10 57 
12 61 3 19 
12 61 37 70 
12 51 76 19 
57 10 2 38 
57 81 4 19 
57 8 67 12 
57 35 76 19 
57 35 51 12 
57 15 65 38 
57 83 60 12 
19 3 2 38 
19 3 10 57 
19 72 69 64 
19 67 21 57 
19 67 37 70 
19 67 8 57 
19 63 35 57 
19 63 51 12 
70 4 43 64 
70 4 81 57 
70 95 72 19 
70 20 54 64 
70 20 91 12 
70 52 54 64 
70 52 33 12 
70 52 49 38 
70 30 33 12 
70 30 61 12 
70 37 67 12 
70 37 8 57 
70 7 4 19 
70 7 81 57 
70 85 83 57 
70 85 60 12 
70 40 8 57 
70 40 62 57 
70 40 77 38 
70 96 43 64 
38 56 18 12 
38 56 15 57 
64 46 10 57 
95 73 1 20 
95 73 37 30 
95 73 74 30 
95 36 50 20 
95 36 50 30 
95 39 78 30 
95 39 77 20 
95 89 65 20 
20 1 37 30 
20 1 74 30 
52 36 50 20 
52 36 50 30 
52 68 27 95 
52 68 45 95 
52 35 47 30 
52 35 76 4 
52 11 45 95 
30 74 86 95 
30 47 76 4 
30 78 77 20 
70 37 86 95 
70 37 1 20 
70 37 74 30 
70 37 73 95 
70 85 27 95 
70 85 68 52 
70 85 45 95 
70 85 47 30 
70 40 39 95 
70 40 78 30 
70 40 77 20 
42 86 59 31 
55 82 5 66 
55 83 5 66 
55 81 25 42 
55 8 59 31 
1 71 10 55 
1 71 10 31 
87 28 26 66 
87 28 86 42 
87 77 20 1 
87 9 5 66 
87 9 82 55 
87 43 58 66 
87 43 58 31 
87 78 50 1 
87 29 32 55 
87 29 83 55 
87 29 5 66 
87 84 26 66 
87 84 50 1 
87 22 24 55 
87 22 24 66 
66 73 8 55 
66 26 27 42 
66 58 10 55 
28 48 53 41 
28 48 88 9 
28 84 17 9 
28 94 46 69 
87 78 34 41 
87 29 32 41 
87 29 83 41 
87 84 17 9 
87 22 24 41 
41 56 65 77 
41 80 25 69 
9 89 65 77 
9 89 56 41 
78 33 5 29 
78 47 76 29 
78 47 76 43 
29 47 76 43 
84 48 69 43 
84 26 68 29 
84 28 30 78 
84 94 46 43 
22 25 69 43 
22 25 48 84 
22 25 4 43 
22 62 48 84 
22 93 30 78 
22 93 28 84 
22 94 46 43 
22 7 4 43 
22 60 18 84 
22 60 47 78 
49 56 15 14 
14 63 51 6 
14 11 88 6 
14 81 80 34 
14 44 56 49 
14 44 56 34 
14 44 89 6 
14 82 9 6 
14 62 53 34 
14 15 56 34 
93 94 46 6 
93 7 80 34 
93 7 81 14 
93 60 51 6 
93 60 83 14 
6 54 11 14 
6 51 35 14 
6 89 56 49 
6 89 56 34 
6 89 15 14 
92 25 69 6 
92 25 88 6 
92 25 7 93 
92 25 80 34 
92 25 81 14 
92 62 53 34 
92 48 53 34 
92 48 62 14 
92 48 69 6 
92 48 88 6 
92 84 17 6 
92 94 46 6 
82 14 57 55 
82 63 47 83 
82 63 76 32 
82 63 35 83 
82 81 80 41 
82 44 56 41 
82 44 15 83 
24 66 80 41 
24 66 81 82 
24 66 81 55 
24 5 29 32 
24 73 72 32 
24 73 67 32 
24 73 8 55 
24 26 68 32 
24 58 10 55 
24 58 19 32 
24 58 76 32 
24 25 80 41 
24 25 81 82 
24 25 81 55 
24 62 14 82 
24 62 57 55 
24 62 8 55 
24 62 53 41 
55 81 80 41 
55 8 53 41 
55 8 62 83 
32 3 10 55 
32 72 25 24 
32 67 21 55 
32 67 8 55 
32 63 47 83 
32 63 35 83 
32 76 47 83 
32 76 35 83 
83 62 53 41 
83 15 56 41 
24 25 48 26 
24 25 72 73 
24 25 4 58 
24 62 59 58 
24 62 48 26 
5 47 76 58 
26 48 59 58 
26 48 72 73 
26 84 36 73 
26 65 31 58 
44 63 47 33 
44 63 51 12 
44 81 80 61 
44 82 49 79 
91 18 56 79 
91 18 80 61 
33 74 2 79 
33 74 2 61 
33 74 67 12 
33 74 37 61 
33 47 60 12 
33 47 51 12 
33 78 77 91 
79 15 14 44 
79 15 65 91 
79 17 50 33 
79 56 18 12 
79 56 80 61 
79 56 65 91 
12 67 37 61 
61 80 18 12 
3 80 18 67 
3 80 4 19 
3 80 25 72 
72 45 68 32 
72 95 16 32 
32 76 51 67 
32 29 60 67 
67 51 76 19 
19 4 25 72 
63 11 45 72 
63 81 80 3 
63 81 4 19 
63 81 25 72 
22 39 40 62 
22 93 28 92 
22 94 46 75 
22 60 29 75 
22 60 83 62 
92 84 17 75 
92 26 68 75 
92 94 46 75 
75 76 35 62 
75 29 83 62 
39 73 67 60 
39 73 37 93 
94 48 40 7 
94 48 72 39 
94 84 36 39 
94 26 85 7 
94 26 45 39 
94 28 37 7 
7 37 67 60 
7 37 73 39 
7 85 45 39 
7 40 59 94 
7 96 58 94 
60 67 37 93 
48 8 37 28 
84 91 65 26 
26 65 31 94 
85 47 76 96 
71 20 38 79 
71 20 91 17 
71 21 51 17 
71 21 18 17 
17 9 49 79 
17 51 76 75 
17 51 35 15 
17 89 16 75 
17 89 31 46 
17 89 56 79 
17 18 56 79 
17 18 80 71 
17 91 38 79 
75 76 58 46 
75 76 35 15 
75 29 83 15 
46 69 88 17 
46 43 76 75 
46 31 56 79 
46 10 2 79 
46 59 2 79 
46 59 2 71 
46 59 62 15 
79 56 80 71 
6 51 76 43 
6 89 31 46 
43 4 25 69 
54 36 17 6 
54 35 76 43 
54 35 51 6 
54 11 88 6 
54 52 9 6 
54 21 51 6 
54 71 10 46 
54 50 17 6 
11 35 57 81 
11 13 35 14 
11 53 8 81 
11 53 62 14 
81 8 62 14 
36 73 1 54 
36 72 88 11 
36 39 90 11 
36 95 16 68 
36 18 53 11 
36 91 65 68 
68 76 13 11 
68 29 83 35 
68 85 83 35 
68 65 15 35 
54 20 65 68 
54 20 91 36 
54 21 18 36 
11 53 62 35 
36 18 53 45 
36 91 65 45 
95 89 65 45 
95 42 88 45 
95 86 13 45 
21 81 80 71 
71 80 18 21 
50 74 2 71 
50 74 67 21 
50 74 8 21 
50 30 61 71 
50 47 60 21 
50 47 51 21 
50 78 77 20 
50 18 80 71 
89 27 45 88 
89 86 13 88 
17 18 53 88 
88 53 18 51 
50 91 23 74 
16 89 65 68 
18 56 65 91 
18 34 77 91 
27 65 23 86 
27 38 23 86 
45 65 23 13 
45 65 56 53 
13 74 8 53 
53 80 25 88 
10 31 15 57 
10 59 62 57 
10 80 18 21 
57 35 51 21 
57 83 60 21 
27 49 5 85 
58 76 13 59 
10 61 86 59 
10 80 4 58 
56 34 77 38 
56 53 59 2 
2 74 37 61 
80 53 59 2 
59 8 37 86 
23 77 40 59 
23 59 58 96 
23 59 10 3 
23 38 19 3 
23 38 19 96 
23 38 70 96 
23 38 2 3 
23 77 69 64 
23 20 4 96 
23 20 95 16 
23 20 70 96 
23 20 71 3 
23 91 61 3 
96 70 19 3 
96 19 32 16 
96 58 10 3 
96 43 29 16 
96 4 95 16 
3 71 75 16 
3 71 46 64 
16 75 46 64 
16 29 43 64 
16 95 70 96 
90 11 68 16 
90 88 89 16 
90 45 95 16 
90 39 7 96 
90 39 95 16 
90 78 43 64 
90 78 43 96 
90 78 29 16 
90 78 74 23 
90 34 6 64 
90 77 69 64 
12 60 7 70 
57 55 32 19 
57 15 46 64 
57 15 79 38 
57 83 32 19 
57 14 49 38 
57 14 6 64 
38 79 46 64 
38 49 6 64 
38 77 69 64 
38 20 4 19 
38 20 21 57 
38 20 21 12 
38 91 18 12 
4 19 72 95 
4 58 73 95 
4 43 78 30 
4 43 54 52 
4 43 54 20 
4 76 16 95 
4 7 39 95 
4 7 93 30 
4 7 37 30 
4 80 61 30 
4 66 42 95 
4 66 1 20 
4 66 5 52 
4 66 73 95 
4 81 11 52 
4 81 82 52 
95 39 7 70 
95 42 1 20 
20 54 36 95 
20 91 33 30 
52 5 73 95 
52 5 58 4 
52 9 77 20 
52 9 89 95 
52 33 91 20 
52 49 38 20 
30 86 23 20 
30 28 77 20 
30 28 9 52 
30 61 91 20 
30 61 33 52 
30 37 96 4 
30 93 49 52 
30 93 39 95 
30 93 7 70 
42 69 41 55 
42 69 46 31 
42 69 54 1 
42 48 94 31 
1 67 72 42 
1 8 10 31 
1 8 48 42 
1 73 58 31 
1 73 72 42 
1 73 95 42 
31 46 71 1 
31 46 54 1 
31 44 81 55 
31 15 71 1 
31 89 88 42 
66 7 94 31 
66 7 37 1 
66 80 56 31 
66 81 44 31 
66 81 10 31 
66 81 8 1 
28 30 33 9 
28 30 78 77 
28 86 42 69 
28 86 23 77 
28 61 91 77 
28 61 33 9 
28 61 80 41 
28 37 40 77 
28 93 34 41 
28 93 34 77 
28 93 49 9 
28 93 6 69 
28 93 6 9 
28 93 39 77 
41 34 6 69 
41 34 6 9 
41 34 92 28 
77 38 56 41 
77 91 18 41 
77 90 53 41 
77 39 94 28 
77 78 43 69 
77 78 84 28 
77 78 33 9 
77 34 49 9 
77 34 6 69 
77 34 6 9 
77 34 92 28 
9 6 92 28 
9 17 46 69 
9 5 26 28 
9 33 91 77 
9 49 34 41 
9 49 6 69 
9 49 92 28 
9 49 38 77 
9 49 56 41 
69 6 92 28 
69 43 84 28 
69 25 92 28 
69 48 40 77 
69 88 90 77 
69 88 53 41 
69 72 39 77 
43 6 93 22 
43 6 92 22 
43 6 92 84 
43 19 32 29 
43 58 24 22 
43 58 5 29 
43 58 26 84 
43 96 85 29 
78 40 85 29 
78 40 96 43 
78 39 94 84 
78 39 60 29 
78 39 36 84 
78 34 93 22 
78 34 6 43 
78 34 92 22 
78 34 92 84 
29 32 24 22 
29 75 92 84 
29 75 46 43 
29 83 24 22 
29 47 50 84 
29 60 94 84 
29 5 24 22 
29 5 26 84 
84 26 24 22 
84 92 93 22 
84 17 75 29 
84 17 46 43 
84 91 33 78 
84 36 68 29 
34 41 82 14 
34 41 24 92 
34 41 83 14 
34 39 94 92 
34 78 33 49 
49 79 44 14 
49 79 17 6 
49 79 46 6 
49 5 24 92 
49 5 26 92 
49 52 35 14 
49 82 41 34 
49 82 24 92 
49 82 83 14 
49 33 44 14 
14 82 24 92 
14 62 22 93 
14 15 17 6 
14 15 46 6 
14 15 79 49 
14 83 24 92 
93 30 33 49 
93 30 78 34 
93 86 27 49 
93 61 44 14 
93 61 33 49 
93 61 79 49 
93 61 80 34 
93 37 40 34 
82 52 68 32 
82 52 35 83 
82 33 47 83 
82 49 56 41 
83 35 68 32 
83 62 75 32 
83 15 75 32 
83 14 81 55 
83 60 18 41 
66 7 39 73 
66 7 94 26 
66 7 94 58 
66 7 60 5 
66 7 37 73 
66 7 85 26 
66 7 85 5 
66 7 96 58 
66 25 92 26 
66 81 82 5 
66 81 10 58 
66 81 8 73 
5 29 68 26 
5 60 39 73 
5 60 94 26 
5 60 94 58 
5 52 36 73 
5 52 68 26 
73 39 94 26 
73 67 19 58 
73 67 60 5 
73 37 85 26 
73 37 85 5 
73 37 96 58 
73 74 33 5 
73 74 47 5 
73 8 10 58 
26 68 36 73 
58 94 39 73 
58 19 72 73 
58 96 85 26 
58 96 85 5 
58 76 29 5 
58 76 68 26 
44 31 10 61 
44 65 27 79 
44 56 38 91 
44 56 49 33 
44 56 2 61 
44 15 71 61 
44 15 17 91 
44 89 9 33 
44 89 51 12 
44 89 17 91 
44 89 27 79 
91 38 2 61 
91 65 27 79 
91 20 21 12 
91 20 71 61 
91 20 50 33 
33 52 36 91 
33 9 51 12 
33 9 17 91 
33 49 38 91 
33 49 2 61 
12 21 71 61 
12 21 50 33 
12 21 50 91 
12 21 10 61 
12 51 17 91 
12 67 3 61 
12 67 63 44 
61 3 63 44 
61 71 17 91 
61 71 50 33 
61 71 50 91 
61 30 50 91 
61 86 89 44 
61 86 27 79 
61 86 23 91 
61 28 84 91 
61 93 60 12 
3 71 75 32 
72 25 75 32 
72 69 43 19 
72 88 51 67 
72 88 51 63 
72 88 13 63 
32 68 36 72 
67 21 71 3 
67 21 10 3 
67 60 39 72 
67 1 71 3 
67 37 96 19 
67 74 47 63 
67 74 13 63 
67 8 10 3 
67 8 48 72 
19 58 10 3 
63 35 36 72 
63 35 68 32 
25 88 53 62 
25 7 94 92 
25 7 40 62 
25 80 53 62 
25 81 14 62 
25 81 8 62 
25 81 57 62 
62 35 68 75 
39 40 85 60 
39 78 47 60 
93 30 47 60 
93 30 78 39 
93 37 85 60 
93 37 40 39 
7 80 61 93 
7 80 34 39 
7 81 10 94 
7 81 21 60 
60 21 10 94 
48 8 10 94 
48 53 45 26 
48 40 85 26 
48 69 46 94 
48 88 17 84 
48 88 45 26 
48 42 27 26 
48 72 45 26 
48 72 36 84 
26 68 36 84 
26 45 36 84 
28 30 50 84 
28 86 42 48 
28 86 27 26 
28 86 59 48 
28 37 85 26 
28 37 40 48 
94 46 17 84 
37 30 47 85 
37 30 78 40 
37 86 27 85 
37 86 59 40 
37 67 60 85 
37 74 47 85 
37 74 78 40 
37 74 59 40 
37 73 45 85 
37 73 39 40 
7 80 61 37 
7 80 34 40 
7 80 53 40 
7 81 8 40 
7 81 8 37 
40 53 45 85 
40 59 58 96 
40 62 83 85 
40 90 45 85 
40 39 45 85 
40 78 47 85 
96 76 29 85 
96 76 68 85 
15 35 36 17 
15 35 68 75 
15 35 54 71 
15 57 10 46 
15 31 10 71 
15 65 27 79 
15 56 2 71 
15 89 27 79 
71 10 57 15 
17 6 54 71 
17 36 68 75 
17 36 54 71 
75 68 54 71 
63 51 88 11 
81 80 56 44 
81 4 76 63 
44 56 49 82 
44 15 35 63 
44 89 9 82 
44 89 51 63 
44 89 88 11 
82 5 47 63 
82 52 35 14 
82 52 35 63 
82 9 51 63 
82 9 88 11 
82 33 47 63 
35 47 50 36 
35 13 45 68 
35 51 17 36 
35 51 88 11 
11 88 17 36 
52 5 47 35 
52 9 51 35 
52 9 17 36 
52 9 88 11 
52 33 50 36 
52 33 47 35 
45 88 89 95 
45 88 17 36 
45 68 16 95 
73 1 50 36 
73 74 50 36 
73 74 78 39 
73 8 40 39 
73 8 48 72 
72 48 40 39 
72 88 89 95 
72 88 17 36 
72 88 90 39 
72 42 27 45 
39 78 50 36 
95 89 17 36 
20 38 2 71 
20 91 18 21 
21 51 17 50 
1 74 23 20 
1 8 10 71 
9 5 47 51 
9 33 50 17 
9 33 47 51 
51 47 50 17 
51 76 16 89 
89 56 49 9 
89 15 35 51 
33 49 2 74 
74 67 60 47 
74 67 51 47 
74 8 40 78 
30 86 13 47 
30 61 2 74 
78 90 13 74 
78 90 13 47 
76 13 45 68 
76 35 83 29 
76 51 60 29 
91 38 56 18 
89 31 59 86 
89 56 2 86 
42 88 45 27 
42 88 13 86 
86 13 45 27 
88 48 40 90 
13 2 56 53 
13 2 80 53 
13 35 62 53 
13 51 18 53 
81 80 53 8 
65 15 83 85 
31 56 2 10 
31 56 2 59 
31 56 53 59 
31 15 62 59 
35 13 59 62 
35 51 60 83 
15 56 53 62 
67 74 13 51 
56 65 77 34 
