188
0 7 9 30 70 
0 9 14 30 70 
0 19 22 29 73 
0 19 41 72 94 
0 20 31 54 66 
1 2 12 62 89 
1 2 18 22 37 
1 2 22 37 63 
1 7 9 58 73 
1 15 22 26 64 
1 26 60 78 85 
1 30 52 55 58 
1 32 36 60 73 
1 32 48 60 73 
1 32 48 60 92 
2 9 18 56 57 
2 9 45 56 63 
2 11 36 60 66 
2 11 60 63 66 
2 22 60 85 90 
2 36 60 66 95 
2 38 71 87 89 
3 18 24 71 94 
3 18 56 62 80 
3 21 24 42 68 
3 41 65 72 94 
3 42 63 69 95 
4 8 28 65 86 
4 13 48 81 82 
4 21 23 28 31 
4 25 26 48 91 
4 25 28 51 67 
4 25 28 67 83 
4 29 34 46 51 
4 36 44 72 84 
4 38 59 66 72 
4 51 67 69 84 
4 54 65 80 81 
5 10 13 53 87 
5 13 14 45 88 
5 13 34 50 53 
5 16 35 53 70 
5 16 42 83 91 
5 16 74 83 91 
5 20 34 50 53 
5 24 27 68 91 
5 33 63 87 89 
5 45 74 91 93 
6 21 23 65 86 
6 21 39 61 77 
6 24 39 47 93 
6 25 30 65 93 
6 25 65 84 93 
6 33 39 79 92 
6 33 60 79 92 
6 36 38 65 72 
6 57 65 93 95 
7 10 52 79 80 
7 13 24 61 80 
7 23 54 61 72 
7 25 47 71 72 
8 11 32 46 50 
8 16 32 49 78 
8 16 32 76 90 
8 32 76 77 90 
8 33 37 48 76 
8 40 48 55 88 
9 14 30 56 70 
9 14 45 56 63 
9 20 45 53 70 
9 30 43 60 80 
9 30 43 65 80 
9 30 55 65 79 
9 40 54 65 79 
9 54 57 65 79 
10 13 33 52 61 
10 16 35 71 87 
10 35 62 71 87 
10 50 62 71 87 
11 14 43 56 80 
11 16 17 55 78 
11 17 37 43 55 
11 17 37 55 90 
11 18 43 50 62 
11 19 20 69 90 
11 36 60 66 69 
11 43 50 62 88 
12 15 75 85 89 
13 14 43 48 78 
13 31 46 62 82 
13 32 43 48 55 
14 16 34 35 50 
14 23 28 74 82 
14 26 64 78 90 
14 34 64 67 74 
14 37 56 64 78 
15 22 64 67 88 
15 26 28 84 95 
15 28 42 84 95 
15 31 41 54 71 
15 44 51 67 94 
15 44 67 89 94 
16 17 20 70 79 
16 17 55 78 88 
16 19 60 70 90 
16 20 46 49 50 
16 26 43 78 88 
16 28 74 83 91 
16 42 45 83 93 
17 20 70 79 80 
17 28 59 83 93 
17 33 35 38 59 
17 33 77 83 91 
17 37 43 55 90 
17 55 64 78 90 
18 34 56 62 80 
19 22 53 63 69 
19 27 29 76 77 
19 29 32 49 90 
19 29 49 60 90 
19 29 60 70 90 
19 32 35 49 51 
19 32 35 51 90 
19 32 49 51 90 
19 35 53 90 94 
19 44 64 88 94 
20 34 50 53 56 
20 34 53 56 63 
21 23 40 65 86 
21 23 42 57 93 
21 24 65 68 86 
21 27 30 86 93 
21 27 83 91 92 
21 27 86 91 92 
21 29 33 77 92 
21 42 45 74 75 
21 42 45 74 93 
22 39 57 58 95 
22 39 58 76 95 
23 24 31 71 72 
23 24 40 68 79 
23 24 41 54 65 
23 24 41 54 80 
23 24 54 65 80 
23 27 33 40 91 
23 40 65 79 86 
23 45 57 74 75 
23 54 65 80 81 
24 52 61 79 87 
25 26 41 47 65 
25 27 36 72 84 
25 28 35 67 83 
25 30 64 65 93 
25 35 67 72 83 
25 44 47 52 71 
26 37 69 84 94 
26 48 51 67 94 
27 29 76 77 83 
27 36 39 47 76 
27 41 47 58 85 
27 41 47 85 86 
27 60 76 83 90 
27 76 77 83 90 
28 42 46 75 77 
29 38 77 92 94 
29 49 60 70 90 
29 72 73 85 94 
30 41 47 58 85 
31 34 62 67 82 
31 34 67 82 84 
32 46 62 81 82 
32 76 77 83 90 
34 51 62 81 82 
35 38 77 83 93 
36 38 39 72 92 
36 39 58 73 77 
36 59 66 84 92 
36 69 72 85 94 
37 63 68 76 89 
38 39 44 52 84 
38 39 44 59 84 
38 39 47 71 93 
40 43 48 55 81 
43 55 60 79 80 
44 64 87 88 94 
46 59 62 66 73 
46 67 75 84 95 
63 68 76 87 89 
