1874
0 1 2 66 70 73 
0 1 7 9 30 58 
0 1 7 9 70 73 
0 1 19 22 70 73 
0 1 36 60 70 73 
0 2 7 9 66 70 
0 2 20 54 66 70 
0 2 36 60 66 70 
0 3 19 20 65 80 
0 3 19 41 65 94 
0 3 19 65 70 79 
0 3 19 65 72 94 
0 3 41 65 72 94 
0 6 7 36 65 80 
0 6 36 38 65 72 
0 7 9 14 30 70 
0 7 9 30 45 70 
0 7 9 30 57 72 
0 7 9 30 58 70 
0 7 9 30 58 73 
0 7 9 30 65 80 
0 7 9 30 70 
0 7 9 36 60 70 
0 7 23 54 61 72 
0 7 30 41 47 58 
0 7 30 57 58 72 
0 7 41 47 66 71 
0 7 41 47 71 72 
0 9 14 20 30 70 
0 9 14 30 54 70 
0 9 14 30 56 70 
0 9 14 30 70 
0 9 20 30 45 53 
0 9 20 30 45 70 
0 9 20 30 65 80 
0 9 30 45 53 70 
0 9 30 65 70 79 
0 9 54 65 70 79 
0 14 19 30 64 70 
0 17 35 49 66 72 
0 19 22 29 36 73 
0 19 22 29 73 
0 19 22 29 73 85 
0 19 29 36 49 90 
0 19 29 36 60 70 
0 19 29 36 69 73 
0 19 29 36 72 94 
0 19 29 72 73 94 
0 19 30 64 76 86 
0 19 35 49 72 94 
0 19 35 53 72 94 
0 19 36 69 72 94 
0 19 41 65 72 94 
0 19 41 71 72 94 
0 19 41 72 94 
0 19 49 76 77 86 
0 19 53 68 76 86 
0 20 31 54 66 
0 20 65 70 79 80 
0 23 30 54 57 72 
0 23 31 54 66 72 
0 27 36 41 85 86 
0 29 36 49 60 70 
0 30 41 45 53 68 
0 30 41 58 73 85 
0 30 42 45 53 86 
0 30 45 53 68 86 
0 30 57 58 72 73 
0 31 41 54 66 71 
0 36 41 72 85 94 
0 41 42 53 68 86 
0 41 65 71 72 94 
0 41 72 73 85 94 
0 42 49 53 77 86 
0 42 49 53 83 86 
1 2 7 9 66 73 
1 2 9 18 37 56 
1 2 9 37 56 63 
1 2 10 12 62 89 
1 2 11 18 37 60 
1 2 11 37 60 63 
1 2 12 15 85 89 
1 2 12 22 37 62 
1 2 12 52 79 89 
1 2 12 62 66 73 
1 2 12 62 89 
1 2 15 22 26 37 
1 2 15 22 26 64 
1 2 15 26 37 63 
1 2 15 26 60 85 
1 2 15 60 78 85 
1 2 18 22 37 
1 2 18 22 37 63 
1 2 18 22 37 95 
1 2 18 37 42 63 
1 2 19 22 37 70 
1 2 22 37 60 90 
1 2 22 37 63 
1 2 22 37 66 73 
1 2 36 60 66 73 
1 7 9 30 55 58 
1 7 9 36 60 73 
1 7 9 45 58 78 
1 7 9 52 58 79 
1 7 9 57 58 72 
1 7 9 58 73 
1 9 11 37 56 60 
1 9 14 30 55 70 
1 9 30 43 55 60 
1 9 30 45 55 78 
1 9 30 52 55 58 
1 9 30 55 65 79 
1 9 45 60 78 85 
1 11 17 37 60 90 
1 11 32 37 48 60 
1 11 37 43 55 60 
1 12 22 26 44 64 
1 12 26 44 52 55 
1 12 26 44 60 85 
1 12 30 52 55 58 
1 12 52 55 58 79 
1 14 43 55 60 70 
1 15 22 26 37 63 
1 15 22 26 55 64 
1 15 22 26 64 
1 15 22 26 64 67 
1 15 22 26 64 88 
1 19 22 37 53 63 
1 19 22 37 63 70 
1 19 22 49 70 73 
1 19 22 60 70 90 
1 19 22 70 78 90 
1 19 37 60 70 90 
1 22 26 60 64 85 
1 22 26 60 85 90 
1 22 26 64 78 90 
1 22 30 55 58 64 
1 22 32 60 73 90 
1 22 32 73 78 90 
1 22 37 60 63 90 
1 22 37 63 68 76 
1 22 55 64 78 90 
1 22 55 64 85 88 
1 22 60 78 85 90 
1 26 32 60 73 85 
1 26 48 60 85 92 
1 26 60 78 85 
1 29 32 48 60 73 
1 29 32 48 60 92 
1 29 32 51 60 73 
1 29 36 60 69 73 
1 29 49 60 70 73 
1 30 45 55 58 78 
1 30 52 55 58 
1 30 52 55 58 79 
1 30 55 58 85 88 
1 32 36 48 60 73 
1 32 36 60 73 
1 32 36 60 73 78 
1 32 37 48 60 90 
1 32 43 48 55 60 
1 32 48 60 73 
1 32 48 60 73 85 
1 32 48 60 73 92 
1 32 48 60 85 92 
1 32 48 60 92 
1 32 49 60 70 73 
1 32 49 70 73 78 
1 32 60 73 78 85 
1 33 48 60 79 92 
1 37 43 55 60 90 
1 43 55 60 79 80 
1 43 55 60 85 88 
1 48 60 78 85 92 
2 3 9 18 57 79 
2 3 9 57 79 95 
2 3 18 24 71 79 
2 3 18 62 79 80 
2 3 18 69 79 95 
2 6 36 60 79 95 
2 7 9 18 56 66 
2 7 9 31 54 66 
2 7 9 36 60 66 
2 7 9 62 66 80 
2 9 11 18 56 60 
2 9 11 20 60 66 
2 9 11 56 60 63 
2 9 14 45 56 63 
2 9 17 20 66 79 
2 9 18 20 56 66 
2 9 18 31 54 56 
2 9 18 42 56 63 
2 9 18 45 56 63 
2 9 18 45 57 63 
2 9 18 56 57 
2 9 18 56 57 63 
2 9 18 56 57 95 
2 9 18 56 62 80 
2 9 18 57 69 95 
2 9 20 31 54 66 
2 9 20 45 63 70 
2 9 20 45 66 70 
2 9 20 62 66 80 
2 9 22 45 58 63 
2 9 22 57 58 95 
2 9 22 58 60 85 
2 9 31 40 54 79 
2 9 31 54 62 80 
2 9 43 60 62 80 
2 9 45 53 63 70 
2 9 45 56 63 
2 9 45 56 63 70 
2 9 45 57 63 95 
2 10 44 62 71 89 
2 10 62 71 87 89 
2 11 17 60 66 79 
2 11 18 36 60 66 
2 11 18 42 60 63 
2 11 18 43 60 62 
2 11 20 60 66 70 
2 11 22 60 63 90 
2 11 36 60 63 66 
2 11 36 60 66 
2 11 36 60 66 69 
2 11 36 60 66 95 
2 11 43 60 62 66 
2 11 60 63 66 
2 12 15 22 62 75 
2 12 15 62 75 89 
2 12 22 62 66 73 
2 12 22 62 75 95 
2 12 22 62 76 89 
2 12 44 62 71 89 
2 12 62 71 87 89 
2 12 62 75 89 95 
2 15 18 31 75 95 
2 15 18 42 63 75 
2 15 22 60 85 90 
2 15 31 41 54 71 
2 15 31 41 71 94 
2 15 36 60 85 95 
2 15 38 71 89 94 
2 15 41 63 68 71 
2 15 41 71 87 89 
2 15 44 71 89 94 
2 15 45 63 70 74 
2 17 20 66 70 79 
2 17 31 40 66 79 
2 18 22 37 69 95 
2 18 36 60 66 95 
2 18 36 66 69 95 
2 18 42 63 68 71 
2 18 42 63 69 95 
2 19 22 53 63 70 
2 19 22 60 70 90 
2 22 36 60 85 95 
2 22 36 66 73 95 
2 22 60 85 90 
2 24 62 71 79 80 
2 31 62 75 81 95 
2 36 60 66 95 
2 38 71 87 89 
2 43 60 62 79 80 
2 63 68 71 87 89 
3 4 30 51 57 65 
3 4 51 57 72 94 
3 4 51 65 72 94 
3 4 51 65 80 81 
3 6 9 57 79 93 
3 6 9 57 80 93 
3 6 18 29 69 92 
3 6 18 38 69 94 
3 6 18 56 69 80 
3 6 18 69 71 94 
3 6 21 24 42 68 
3 6 21 42 57 93 
3 6 21 42 65 86 
3 6 24 38 71 94 
3 6 29 36 60 79 
3 6 29 38 92 94 
3 6 29 60 79 92 
3 6 30 57 65 93 
3 6 38 65 72 94 
3 9 18 56 57 80 
3 9 30 57 65 79 
3 9 30 57 65 80 
3 9 54 57 65 79 
3 9 57 65 79 80 
3 13 18 56 62 80 
3 15 19 22 94 95 
3 15 51 67 75 94 
3 15 63 69 94 95 
3 18 19 22 37 95 
3 18 24 41 71 94 
3 18 24 42 68 71 
3 18 24 62 71 80 
3 18 24 69 71 94 
3 18 24 71 94 
3 18 34 56 62 80 
3 18 56 62 69 80 
3 18 56 62 75 80 
3 18 56 62 80 
3 18 57 71 72 94 
3 19 20 56 69 80 
3 19 20 70 79 80 
3 19 22 63 69 95 
3 19 29 60 70 79 
3 19 42 53 63 69 
3 21 23 24 42 57 
3 21 24 42 65 86 
3 21 24 42 68 
3 21 24 42 68 86 
3 21 24 42 74 75 
3 23 24 41 65 94 
3 23 24 57 74 75 
3 24 41 65 72 94 
3 24 42 65 68 86 
3 24 65 71 72 94 
3 25 30 57 64 65 
3 29 34 46 51 75 
3 29 42 46 75 77 
3 30 42 57 65 86 
3 30 57 65 72 94 
3 34 42 51 53 75 
3 41 57 65 72 94 
3 41 65 71 72 94 
3 41 65 72 94 
3 42 51 53 63 69 
3 42 51 53 67 75 
3 42 63 69 95 
4 6 21 23 59 65 
4 6 25 59 65 93 
4 6 25 65 84 93 
4 6 36 65 72 84 
4 6 38 59 65 72 
4 6 57 59 65 93 
4 6 57 65 84 95 
4 7 23 54 61 82 
4 8 11 32 46 50 
4 8 11 32 50 59 
4 8 23 25 27 40 
4 8 23 40 61 82 
4 8 23 40 65 86 
4 8 25 27 48 91 
4 8 25 27 65 86 
4 8 28 32 77 86 
4 8 28 40 82 86 
4 8 28 65 86 
4 8 34 46 50 51 
4 8 46 50 62 81 
4 8 54 65 81 86 
4 13 23 48 82 91 
4 13 23 61 81 82 
4 13 23 81 82 91 
4 13 33 40 81 82 
4 13 34 48 51 82 
4 13 34 51 81 82 
4 13 46 62 81 82 
4 13 48 59 82 92 
4 13 48 81 82 
4 13 54 65 81 82 
4 14 23 28 74 82 
4 21 23 25 28 83 
4 21 23 25 59 93 
4 21 23 28 31 
4 21 23 28 31 59 
4 21 23 28 31 81 
4 21 23 28 42 57 
4 21 23 28 59 74 
4 21 23 28 59 82 
4 21 23 28 61 82 
4 21 23 28 65 86 
4 21 23 28 74 82 
4 21 23 38 59 72 
4 21 23 57 59 93 
4 21 23 59 61 82 
4 23 25 26 48 91 
4 23 25 28 31 67 
4 23 25 28 67 74 
4 23 28 31 57 75 
4 23 28 57 74 75 
4 23 28 61 74 82 
4 23 40 52 61 82 
4 23 54 65 80 81 
4 25 26 48 51 67 
4 25 26 48 84 91 
4 25 26 48 91 
4 25 27 36 72 84 
4 25 28 35 67 83 
4 25 28 42 57 83 
4 25 28 51 67 
4 25 28 51 67 83 
4 25 28 57 67 75 
4 25 28 59 83 93 
4 25 28 65 83 86 
4 25 28 67 83 
4 25 35 51 67 72 
4 25 38 59 72 93 
4 25 51 67 69 84 
4 26 48 51 67 84 
4 28 31 46 62 81 
4 28 31 51 67 81 
4 28 34 46 51 67 
4 28 34 51 67 82 
4 28 42 46 57 75 
4 28 42 57 65 86 
4 28 42 57 84 95 
4 28 46 57 75 77 
4 28 51 67 69 84 
4 28 54 65 82 86 
4 28 57 75 84 95 
4 29 34 46 51 
4 29 34 46 51 82 
4 29 46 51 69 84 
4 34 46 51 62 81 
4 34 46 51 67 84 
4 34 51 62 81 82 
4 34 51 67 82 84 
4 36 44 72 84 
4 36 46 72 73 84 
4 36 57 72 84 95 
4 36 59 66 72 84 
4 38 44 59 72 84 
4 38 57 59 72 93 
4 38 59 66 71 72 
4 38 59 66 72 
4 46 57 75 84 95 
4 46 59 66 72 73 
4 51 67 69 84 
4 54 65 80 81 
4 54 65 80 81 82 
5 8 10 13 81 87 
5 8 10 51 53 87 
5 8 13 33 40 81 
5 8 13 43 81 88 
5 8 13 50 62 81 
5 8 16 17 33 40 
5 8 16 27 83 91 
5 8 16 35 51 53 
5 8 16 42 83 86 
5 8 16 48 68 78 
5 8 17 33 40 50 
5 8 21 27 91 92 
5 8 24 27 68 91 
5 8 26 48 55 88 
5 8 26 48 68 88 
5 8 27 33 40 91 
5 8 27 33 40 92 
5 8 27 33 76 91 
5 8 27 33 76 92 
5 8 27 47 87 91 
5 8 27 48 68 91 
5 8 27 48 68 92 
5 8 27 48 91 92 
5 8 27 68 91 92 
5 8 27 85 88 92 
5 8 33 37 48 76 
5 8 33 40 48 68 
5 8 33 40 48 76 
5 8 33 40 52 87 
5 8 33 40 55 88 
5 8 33 40 68 76 
5 8 33 48 68 76 
5 8 33 76 87 89 
5 8 34 50 51 53 
5 8 40 48 55 88 
5 8 41 48 68 88 
5 8 48 51 53 68 
5 8 48 55 68 88 
5 10 12 13 34 53 
5 10 13 33 52 87 
5 10 13 33 87 89 
5 10 13 34 50 53 
5 10 13 34 50 87 
5 10 13 34 53 87 
5 10 13 43 87 88 
5 10 13 48 51 53 
5 10 13 50 62 87 
5 10 13 53 68 87 
5 10 13 53 87 
5 10 16 35 53 87 
5 10 34 50 53 87 
5 10 53 63 87 89 
5 11 20 50 53 63 
5 13 14 16 34 50 
5 13 14 16 48 78 
5 13 14 16 74 91 
5 13 14 30 45 88 
5 13 14 33 55 88 
5 13 14 34 45 53 
5 13 14 34 50 88 
5 13 14 43 45 88 
5 13 14 43 78 88 
5 13 14 45 48 78 
5 13 14 45 56 63 
5 13 14 45 74 91 
5 13 14 45 88 
5 13 14 48 55 88 
5 13 20 34 50 53 
5 13 33 43 55 88 
5 13 34 48 51 53 
5 13 34 50 53 
5 13 34 50 53 62 
5 13 34 53 56 63 
5 13 37 48 56 63 
5 13 43 48 55 88 
5 13 43 50 62 88 
5 15 41 63 68 88 
5 15 63 87 88 89 
5 16 17 33 52 87 
5 16 17 33 55 88 
5 16 17 33 83 91 
5 16 20 49 50 53 
5 16 20 50 53 70 
5 16 21 42 83 91 
5 16 21 74 83 91 
5 16 24 74 87 91 
5 16 26 48 78 88 
5 16 28 74 83 91 
5 16 34 35 50 53 
5 16 35 42 53 83 
5 16 35 45 49 53 
5 16 35 53 70 
5 16 42 45 83 91 
5 16 42 45 83 93 
5 16 42 49 53 83 
5 16 42 74 83 91 
5 16 42 83 91 
5 16 45 74 83 91 
5 16 45 74 91 93 
5 16 45 83 91 93 
5 16 47 83 87 91 
5 16 48 55 78 88 
5 16 48 74 78 91 
5 16 74 83 91 
5 17 33 50 52 87 
5 17 33 50 55 88 
5 17 33 50 59 92 
5 20 34 50 53 
5 20 34 50 53 56 
5 21 24 42 68 91 
5 21 27 42 91 92 
5 21 27 68 91 92 
5 21 33 42 77 91 
5 21 33 42 77 92 
5 21 42 45 74 91 
5 21 42 45 91 93 
5 21 42 45 92 93 
5 21 42 83 91 92 
5 21 45 74 91 93 
5 24 27 68 87 91 
5 24 27 68 91 
5 24 27 68 91 92 
5 24 45 68 74 91 
5 24 47 68 87 91 
5 26 48 85 88 92 
5 27 33 40 68 91 
5 27 33 40 68 92 
5 27 33 68 76 91 
5 27 33 68 76 92 
5 27 42 68 83 91 
5 27 45 68 91 93 
5 27 45 68 92 93 
5 30 41 45 68 88 
5 33 40 52 68 87 
5 33 42 63 77 89 
5 33 42 68 76 77 
5 33 42 77 83 91 
5 33 47 52 87 91 
5 33 52 55 87 88 
5 33 52 63 87 89 
5 33 63 68 76 89 
5 33 63 68 87 89 
5 33 63 87 89 
5 33 68 76 87 89 
5 34 42 50 53 75 
5 37 45 48 63 78 
5 42 45 83 91 93 
5 42 47 68 83 91 
5 45 47 68 91 93 
5 45 48 74 78 91 
5 45 74 91 92 93 
5 45 74 91 93 
5 63 68 76 87 89 
6 7 24 39 47 80 
6 7 24 39 61 80 
6 7 36 56 69 80 
6 7 36 65 72 80 
6 7 39 52 79 80 
6 7 39 56 69 80 
6 9 20 59 80 93 
6 9 30 65 79 93 
6 9 30 65 80 93 
6 9 57 65 79 93 
6 9 57 65 80 93 
6 9 60 79 92 93 
6 11 36 59 66 69 
6 13 24 80 91 92 
6 13 33 79 80 92 
6 17 20 59 79 80 
6 17 33 38 59 79 
6 17 33 59 79 92 
6 21 23 25 65 93 
6 21 23 38 65 72 
6 21 23 40 65 86 
6 21 23 54 65 86 
6 21 23 57 65 93 
6 21 23 65 86 
6 21 24 39 47 93 
6 21 24 39 61 77 
6 21 24 65 68 86 
6 21 28 39 77 84 
6 21 28 42 84 95 
6 21 30 65 86 93 
6 21 33 39 77 92 
6 21 39 42 77 95 
6 21 39 47 61 93 
6 21 39 58 61 93 
6 21 39 61 77 
6 21 42 57 93 95 
6 24 25 47 65 93 
6 24 25 65 91 93 
6 24 33 79 91 92 
6 24 38 39 47 71 
6 24 38 39 47 93 
6 24 38 47 71 93 
6 24 38 65 71 72 
6 24 39 47 52 79 
6 24 39 47 58 93 
6 24 39 47 61 93 
6 24 39 47 91 93 
6 24 39 47 93 
6 24 39 52 61 79 
6 25 27 36 84 93 
6 25 30 64 65 93 
6 25 30 65 84 93 
6 25 30 65 93 
6 25 36 65 72 84 
6 25 38 44 84 93 
6 25 38 65 72 93 
6 25 39 47 84 93 
6 25 57 65 84 93 
6 25 57 65 84 95 
6 25 57 65 93 95 
6 25 57 84 93 95 
6 25 59 65 84 93 
6 25 65 84 93 
6 27 36 39 47 93 
6 29 38 69 92 94 
6 30 57 65 93 95 
6 33 36 39 79 92 
6 33 36 60 79 92 
6 33 38 60 79 92 
6 33 39 52 79 92 
6 33 39 60 79 92 
6 33 39 79 92 
6 33 60 79 92 
6 36 38 39 65 72 
6 36 38 44 72 84 
6 36 38 59 66 72 
6 36 38 65 72 
6 36 38 65 72 92 
6 36 38 69 72 94 
6 36 57 65 72 95 
6 38 39 44 52 84 
6 38 39 47 58 93 
6 38 39 47 71 93 
6 38 44 69 84 94 
6 38 44 84 89 95 
6 38 57 65 72 93 
6 39 57 58 93 95 
6 57 65 93 95 
7 9 10 52 79 80 
7 9 17 20 52 79 
7 9 23 54 57 72 
7 9 36 58 60 85 
7 9 39 58 73 77 
7 9 40 52 54 79 
7 9 52 58 73 79 
7 9 54 57 65 72 
7 9 57 58 72 73 
7 9 57 65 72 80 
7 10 13 52 61 80 
7 10 52 79 80 
7 11 36 56 66 69 
7 12 44 52 72 73 
7 13 24 47 61 80 
7 13 24 61 80 
7 13 24 61 80 91 
7 13 54 61 80 82 
7 17 20 40 52 54 
7 17 20 52 79 80 
7 18 31 54 56 66 
7 18 36 56 66 69 
7 18 56 62 66 80 
7 23 24 54 61 80 
7 23 24 54 65 72 
7 23 25 47 61 72 
7 23 31 54 66 72 
7 23 40 52 54 61 
7 23 54 56 61 72 
7 23 54 61 65 72 
7 23 54 61 72 
7 23 54 61 72 82 
7 23 54 65 72 80 
7 23 57 58 61 72 
7 24 41 47 54 80 
7 24 47 52 79 80 
7 24 52 61 79 80 
7 25 27 36 47 72 
7 25 44 47 52 72 
7 25 44 47 71 72 
7 25 47 57 58 72 
7 25 47 66 71 72 
7 25 47 71 72 
7 27 36 39 47 76 
7 27 36 47 58 85 
7 30 41 47 54 58 
7 31 54 62 66 80 
7 36 38 39 72 92 
7 38 39 44 52 72 
7 38 39 47 71 72 
7 38 39 72 73 77 
7 40 52 54 61 82 
7 40 52 54 79 80 
7 44 47 52 71 72 
7 54 65 72 80 81 
8 10 16 35 51 87 
8 10 34 50 51 87 
8 10 40 52 81 87 
8 10 43 81 87 88 
8 10 50 62 81 87 
8 10 51 53 68 87 
8 11 16 32 50 78 
8 11 16 32 50 90 
8 11 32 43 50 88 
8 11 32 46 50 
8 11 32 46 50 59 
8 16 17 27 40 83 
8 16 17 40 52 87 
8 16 17 40 55 88 
8 16 17 40 76 90 
8 16 17 40 83 86 
8 16 19 32 49 90 
8 16 26 48 78 88 
8 16 27 47 83 87 
8 16 27 76 83 90 
8 16 32 35 49 51 
8 16 32 35 51 90 
8 16 32 37 78 90 
8 16 32 43 78 88 
8 16 32 43 88 90 
8 16 32 46 49 50 
8 16 32 48 49 78 
8 16 32 49 70 78 
8 16 32 49 76 90 
8 16 32 49 78 
8 16 32 76 77 90 
8 16 32 76 78 90 
8 16 32 76 90 
8 16 34 35 50 51 
8 16 35 51 88 94 
8 16 48 55 78 88 
8 16 64 76 88 90 
8 16 76 83 86 90 
8 17 40 50 52 87 
8 17 40 50 55 88 
8 19 27 29 51 76 
8 19 32 51 76 90 
8 19 37 48 51 76 
8 19 51 53 68 76 
8 21 27 48 91 92 
8 26 40 48 55 88 
8 26 48 51 88 94 
8 27 29 32 48 92 
8 27 29 32 51 60 
8 27 29 32 76 77 
8 27 29 32 77 86 
8 27 29 48 51 92 
8 27 32 48 60 92 
8 27 32 60 76 90 
8 27 33 40 48 91 
8 27 33 40 48 92 
8 27 33 48 76 91 
8 27 33 48 76 92 
8 27 40 47 52 87 
8 27 41 47 86 87 
8 27 41 68 85 88 
8 27 41 85 86 88 
8 30 40 55 86 88 
8 30 41 86 87 88 
8 30 64 76 86 88 
8 32 33 48 76 77 
8 32 34 46 50 51 
8 32 37 48 76 90 
8 32 43 48 55 88 
8 32 46 50 62 81 
8 32 49 76 77 90 
8 32 76 77 83 90 
8 32 76 77 86 90 
8 32 76 77 90 
8 33 37 40 48 76 
8 33 37 48 55 76 
8 33 37 48 76 
8 33 40 48 55 81 
8 33 40 48 55 88 
8 34 50 51 62 81 
8 37 40 48 55 76 
8 40 43 48 55 81 
8 40 43 55 81 88 
8 40 48 55 81 88 
8 40 48 55 88 
8 40 52 55 87 88 
8 40 52 76 87 89 
8 40 55 64 76 88 
8 41 42 68 86 88 
8 43 48 55 81 88 
8 43 50 62 81 88 
8 63 68 76 87 89 
9 11 17 20 60 79 
9 11 20 43 60 80 
9 11 20 45 60 70 
9 11 43 56 60 80 
9 14 20 30 56 70 
9 14 20 45 56 70 
9 14 30 43 56 80 
9 14 30 43 60 70 
9 14 30 45 56 63 
9 14 30 54 56 70 
9 14 30 55 70 79 
9 14 30 56 58 61 
9 14 30 56 70 
9 14 34 45 53 70 
9 14 45 53 56 70 
9 14 45 56 58 61 
9 14 45 56 63 
9 14 45 56 63 70 
9 16 17 20 70 79 
9 16 35 45 53 70 
9 17 20 40 54 79 
9 17 20 45 70 79 
9 18 45 56 57 63 
9 20 45 53 56 63 
9 20 45 53 70 
9 23 24 54 57 65 
9 23 40 54 65 79 
9 23 54 57 65 79 
9 23 54 57 65 80 
9 27 58 60 85 93 
9 30 40 54 55 79 
9 30 40 54 65 79 
9 30 43 45 60 78 
9 30 43 54 60 80 
9 30 43 55 60 79 
9 30 43 55 79 80 
9 30 43 57 65 80 
9 30 43 60 65 80 
9 30 43 60 79 80 
9 30 43 60 80 
9 30 43 65 79 80 
9 30 43 65 80 
9 30 52 55 58 79 
9 30 54 55 65 79 
9 30 55 57 65 79 
9 30 55 65 79 
9 30 55 65 79 80 
9 30 57 65 79 80 
9 40 54 57 65 79 
9 40 54 65 79 
9 40 54 65 79 86 
9 43 55 60 79 80 
9 45 53 67 70 74 
9 54 57 65 79 
9 54 57 65 80 81 
9 58 60 85 92 93 
10 12 13 34 48 51 
10 12 13 34 52 61 
10 12 15 67 75 89 
10 12 35 62 71 87 
10 12 44 62 71 87 
10 13 32 43 48 51 
10 13 33 34 52 61 
10 13 33 39 52 61 
10 13 33 40 52 81 
10 13 33 43 52 55 
10 13 33 52 61 
10 13 33 52 61 89 
10 13 33 52 61 91 
10 13 33 52 79 80 
10 14 34 43 56 80 
10 14 34 43 64 67 
10 14 34 43 81 82 
10 15 44 51 67 94 
10 15 44 67 89 94 
10 15 53 63 67 89 
10 16 17 35 52 87 
10 16 34 35 50 87 
10 16 35 62 71 87 
10 16 35 71 87 
10 18 34 56 62 80 
10 20 34 53 56 80 
10 24 52 79 80 87 
10 24 62 71 80 87 
10 31 34 62 67 82 
10 31 34 67 81 82 
10 31 35 62 67 71 
10 31 44 62 67 71 
10 31 62 67 75 81 
10 32 35 43 51 90 
10 34 35 62 71 87 
10 34 50 62 71 87 
10 34 56 80 81 82 
10 35 38 71 87 89 
10 35 43 44 64 90 
10 35 43 64 67 90 
10 35 50 62 71 87 
10 35 53 68 71 87 
10 35 62 71 87 
10 40 43 52 55 81 
10 40 52 79 80 81 
10 43 44 52 55 64 
10 43 44 64 87 88 
10 43 50 62 87 88 
10 43 52 55 79 80 
10 43 52 55 87 88 
10 44 50 62 71 87 
10 50 62 66 71 87 
10 50 62 71 87 
10 53 63 68 87 89 
11 13 14 43 56 78 
11 13 18 43 56 62 
11 14 16 17 55 78 
11 14 20 43 56 80 
11 14 20 56 70 78 
11 14 37 43 55 56 
11 14 37 43 56 64 
11 14 37 56 64 78 
11 14 43 56 78 80 
11 14 43 56 80 
11 14 45 56 63 78 
11 16 17 20 70 78 
11 16 17 32 49 78 
11 16 17 37 55 78 
11 16 17 37 78 90 
11 16 17 43 55 78 
11 16 17 50 55 78 
11 16 17 55 78 
11 16 17 55 78 88 
11 16 20 49 50 90 
11 16 20 50 70 78 
11 16 37 50 78 90 
11 16 43 50 78 88 
11 16 43 50 88 90 
11 17 19 20 37 90 
11 17 19 20 69 90 
11 17 20 60 70 79 
11 17 32 37 48 90 
11 17 32 46 49 50 
11 17 32 46 49 59 
11 17 32 49 66 73 
11 17 37 43 55 
11 17 37 43 55 64 
11 17 37 43 55 90 
11 17 37 55 64 90 
11 17 37 55 78 90 
11 17 37 55 90 
11 17 37 60 79 90 
11 17 43 50 55 88 
11 17 43 55 60 79 
11 17 43 55 78 90 
11 17 55 60 78 79 
11 17 55 64 78 90 
11 18 34 50 56 62 
11 18 34 50 56 75 
11 18 36 60 66 69 
11 18 43 50 62 
11 18 43 50 62 75 
11 18 43 50 62 88 
11 18 43 56 62 80 
11 19 20 29 49 90 
11 19 20 32 49 90 
11 19 20 37 53 63 
11 19 20 37 56 69 
11 19 20 37 70 78 
11 19 20 49 69 90 
11 19 20 53 63 69 
11 19 20 56 69 90 
11 19 20 60 70 90 
11 19 20 69 90 
11 19 20 70 78 90 
11 19 22 63 69 90 
11 19 29 32 69 90 
11 19 29 60 69 90 
11 19 32 51 69 90 
11 20 32 46 49 50 
11 20 32 46 49 59 
11 20 32 49 60 70 
11 20 32 49 66 73 
11 20 32 49 70 78 
11 20 34 50 53 56 
11 20 34 53 56 63 
11 20 43 50 62 80 
11 20 43 62 66 80 
11 20 49 60 70 90 
11 20 49 70 78 90 
11 29 32 51 60 69 
11 29 36 60 66 69 
11 29 36 60 69 73 
11 32 36 60 66 73 
11 32 37 43 48 55 
11 32 37 48 51 69 
11 32 43 46 50 62 
11 32 46 50 66 73 
11 32 46 59 66 73 
11 34 50 56 59 82 
11 36 59 60 66 92 
11 36 59 66 69 84 
11 36 60 66 69 
11 43 50 62 66 88 
11 43 50 62 88 
11 56 59 69 82 84 
12 15 22 75 76 89 
12 15 22 75 89 95 
12 15 26 44 85 89 
12 15 41 85 87 89 
12 15 44 67 75 89 
12 15 44 85 89 94 
12 15 50 75 85 88 
12 15 75 85 89 
12 15 75 85 89 95 
12 15 85 87 88 89 
12 22 26 44 64 85 
12 22 39 58 76 89 
12 22 44 64 76 89 
12 22 57 58 75 95 
12 22 63 68 76 89 
12 22 73 76 77 89 
12 22 75 76 89 95 
12 26 41 44 85 87 
12 26 44 85 87 88 
12 30 41 85 87 88 
12 34 35 44 62 71 
12 34 44 46 67 84 
12 39 47 58 87 89 
12 39 58 73 77 89 
12 41 44 85 87 94 
12 41 47 58 85 87 
12 44 46 67 75 84 
12 44 72 73 85 94 
12 44 85 87 88 94 
12 46 50 62 66 73 
12 46 59 62 66 73 
13 14 23 74 82 91 
13 14 26 43 64 78 
13 14 26 43 78 88 
13 14 32 43 48 55 
13 14 32 43 48 78 
13 14 33 40 55 82 
13 14 33 43 48 55 
13 14 33 43 55 78 
13 14 33 52 55 61 
13 14 37 43 64 78 
13 14 37 48 55 56 
13 14 37 48 56 78 
13 14 43 48 55 78 
13 14 43 48 78 
13 14 43 48 78 81 
13 14 48 74 78 91 
13 18 31 56 62 82 
13 21 59 61 82 92 
13 23 24 61 80 81 
13 23 24 80 81 91 
13 23 33 40 81 91 
13 23 33 40 82 91 
13 23 47 61 81 91 
13 23 48 81 82 91 
13 23 54 56 61 81 
13 24 33 79 80 91 
13 24 47 61 80 91 
13 28 31 46 62 82 
13 31 34 62 67 82 
13 31 46 62 75 82 
13 31 46 62 82 
13 31 54 62 80 82 
13 32 33 43 48 55 
13 32 43 48 55 
13 32 43 48 60 92 
13 32 46 62 81 82 
13 33 39 47 61 91 
13 33 39 52 61 91 
13 33 40 43 55 81 
13 33 40 48 81 82 
13 33 40 52 61 82 
13 33 40 79 80 81 
13 33 43 55 79 80 
13 33 47 52 61 91 
13 34 48 51 81 82 
13 40 43 48 55 81 
13 43 48 55 78 81 
13 43 48 55 81 82 
13 43 48 60 78 92 
13 43 48 78 81 82 
13 46 48 62 81 82 
13 54 56 80 81 82 
14 15 26 74 78 88 
14 15 64 67 74 88 
14 16 17 34 35 50 
14 16 17 43 55 90 
14 16 17 55 64 90 
14 16 17 55 70 79 
14 16 19 64 70 90 
14 16 26 64 78 90 
14 16 34 35 45 53 
14 16 34 35 50 
14 16 34 35 50 88 
14 16 34 35 53 70 
14 16 34 35 67 74 
14 16 34 50 74 75 
14 16 37 64 78 90 
14 16 43 60 70 90 
14 16 43 64 88 90 
14 17 55 64 78 90 
14 19 37 64 70 78 
14 19 64 70 78 90 
14 20 34 53 56 70 
14 21 23 28 74 82 
14 23 28 74 82 
14 26 37 43 64 78 
14 26 37 56 64 78 
14 26 37 64 78 88 
14 26 43 64 78 88 
14 26 64 67 74 78 
14 26 64 78 88 90 
14 26 64 78 90 
14 28 31 61 74 82 
14 28 34 67 74 82 
14 28 34 74 75 82 
14 30 40 54 55 82 
14 30 43 54 56 80 
14 30 43 54 81 82 
14 30 52 55 58 61 
14 31 34 67 74 82 
14 31 34 74 75 82 
14 34 43 50 62 88 
14 34 43 56 62 80 
14 34 43 62 81 82 
14 34 45 53 56 63 
14 34 45 53 67 74 
14 34 53 67 70 74 
14 34 61 64 67 74 
14 34 61 67 74 75 
14 34 64 67 74 
14 34 64 67 74 75 
14 34 64 67 82 84 
14 37 43 56 64 78 
14 37 45 56 63 78 
14 37 56 64 78 
14 37 56 64 78 90 
14 40 43 55 81 82 
14 40 52 55 61 82 
14 43 55 60 70 79 
14 43 56 80 81 82 
15 16 26 74 78 88 
15 16 50 74 75 88 
15 18 28 31 42 63 
15 18 28 31 42 95 
15 19 22 26 37 94 
15 19 22 26 64 94 
15 19 22 63 69 94 
15 19 22 64 88 94 
15 19 22 69 94 95 
15 22 26 37 64 85 
15 22 26 37 64 88 
15 22 26 44 64 89 
15 22 26 64 84 95 
15 22 26 64 85 88 
15 22 44 64 67 89 
15 22 64 67 84 95 
15 22 64 67 85 88 
15 22 64 67 88 
15 24 31 41 71 74 
15 26 28 42 84 95 
15 26 28 75 84 95 
15 26 28 84 95 
15 26 35 51 67 94 
15 26 36 84 85 95 
15 26 37 63 69 94 
15 26 41 44 87 89 
15 26 44 84 89 95 
15 26 44 87 88 89 
15 26 48 51 67 94 
15 26 69 84 94 95 
15 28 31 41 54 86 
15 28 42 45 63 74 
15 28 42 46 63 75 
15 28 42 53 63 67 
15 28 42 63 69 95 
15 28 42 63 77 89 
15 28 42 63 84 95 
15 28 42 67 84 95 
15 28 42 77 89 95 
15 28 42 84 95 
15 28 67 75 84 95 
15 30 41 87 88 89 
15 31 35 67 71 94 
15 31 41 54 71 
15 31 41 54 71 94 
15 31 44 67 71 94 
15 35 44 67 89 94 
15 36 69 85 94 95 
15 38 44 67 89 94 
15 41 44 87 89 94 
15 41 63 68 87 89 
15 42 45 63 74 75 
15 42 53 63 67 75 
15 42 63 69 94 95 
15 44 51 67 89 94 
15 44 51 67 94 
15 44 64 67 88 94 
15 44 67 84 89 95 
15 44 67 89 94 
15 44 87 88 89 94 
15 45 53 63 67 74 
15 46 67 75 84 95 
16 17 19 20 70 90 
16 17 20 35 53 70 
16 17 20 50 70 79 
16 17 20 70 79 
16 17 20 70 79 80 
16 17 26 55 78 88 
16 17 35 44 52 87 
16 17 37 55 78 90 
16 17 43 55 78 88 
16 17 43 55 88 90 
16 17 47 52 83 87 
16 17 50 55 78 88 
16 17 52 55 87 88 
16 17 55 64 78 90 
16 17 55 64 88 90 
16 17 55 70 78 79 
16 17 55 78 88 
16 17 55 78 88 90 
16 17 60 70 79 90 
16 19 29 60 70 90 
16 19 35 53 70 90 
16 19 37 70 78 90 
16 19 60 70 90 
16 20 46 49 50 
16 20 46 49 50 59 
16 20 46 49 50 70 
16 21 28 59 74 83 
16 21 42 45 74 83 
16 21 42 45 83 93 
16 21 45 74 83 93 
16 21 74 83 91 92 
16 24 45 68 74 87 
16 26 43 64 78 88 
16 26 43 78 88 
16 26 43 78 88 90 
16 26 64 78 88 90 
16 28 35 67 74 83 
16 28 42 45 74 83 
16 28 74 83 91 
16 29 49 60 70 90 
16 30 43 45 78 88 
16 30 45 55 78 88 
16 34 35 46 49 50 
16 35 42 45 53 83 
16 35 44 87 88 94 
16 35 45 53 67 74 
16 35 47 71 83 87 
16 35 53 67 70 74 
16 35 71 87 88 94 
16 37 43 78 88 90 
16 42 45 49 53 83 
16 42 45 57 83 93 
16 42 45 83 93 
16 45 74 83 91 93 
16 55 64 78 88 90 
17 19 20 35 53 90 
17 20 31 40 54 66 
17 20 34 35 50 53 
17 20 40 54 59 82 
17 20 40 54 79 80 
17 20 46 49 50 59 
17 20 49 70 79 80 
17 20 70 79 80 
17 21 28 59 74 83 
17 21 33 77 83 91 
17 21 35 38 59 83 
17 26 55 64 78 90 
17 27 33 40 83 91 
17 27 40 47 52 83 
17 27 40 76 83 90 
17 28 46 49 59 83 
17 28 59 83 93 
17 31 40 59 66 82 
17 33 35 38 44 52 
17 33 35 38 49 77 
17 33 35 38 59 
17 33 35 38 59 92 
17 33 35 38 76 90 
17 33 35 38 77 83 
17 33 37 55 76 90 
17 33 40 77 83 86 
17 33 47 52 83 91 
17 33 49 76 77 90 
17 33 49 77 83 91 
17 33 55 64 76 90 
17 33 76 77 83 90 
17 33 77 83 91 
17 34 35 46 49 50 
17 35 38 59 66 71 
17 35 38 59 66 72 
17 35 38 59 83 93 
17 35 49 66 72 73 
17 37 40 55 76 90 
17 37 43 55 90 
17 40 55 64 76 90 
17 40 76 83 86 90 
17 43 55 60 79 90 
17 46 49 50 66 73 
17 46 49 59 66 73 
17 49 60 70 79 90 
17 50 52 55 87 88 
17 55 60 78 79 90 
17 55 64 78 90 
18 20 31 54 56 66 
18 20 56 62 66 80 
18 23 31 57 66 72 
18 23 31 57 71 72 
18 31 34 56 62 82 
18 31 34 56 75 82 
18 31 54 56 62 80 
18 34 56 62 75 80 
18 34 56 62 80 
18 36 57 66 72 95 
19 20 37 53 56 63 
19 20 53 56 63 69 
19 22 26 37 85 94 
19 22 26 64 85 94 
19 22 27 29 76 85 
19 22 29 32 73 90 
19 22 29 49 73 90 
19 22 29 60 85 90 
19 22 29 73 76 77 
19 22 29 73 85 94 
19 22 32 49 73 90 
19 22 39 69 76 95 
19 22 42 63 69 95 
19 22 49 73 76 77 
19 22 51 53 63 69 
19 22 53 63 68 76 
19 22 53 63 69 
19 22 53 63 69 95 
19 22 64 69 84 95 
19 22 64 85 88 94 
19 26 37 48 51 94 
19 26 37 64 88 94 
19 26 37 69 84 94 
19 26 51 64 67 94 
19 26 64 69 84 94 
19 27 29 49 76 77 
19 27 29 60 76 90 
19 27 29 76 77 
19 27 29 76 77 83 
19 27 29 76 77 86 
19 29 32 35 51 90 
19 29 32 49 51 90 
19 29 32 49 60 90 
19 29 32 49 90 
19 29 32 51 60 90 
19 29 32 60 70 90 
19 29 32 76 77 90 
19 29 35 49 51 90 
19 29 35 49 51 94 
19 29 35 49 90 94 
19 29 38 76 77 94 
19 29 39 69 76 77 
19 29 49 60 70 90 
19 29 49 60 90 
19 29 49 70 78 90 
19 29 49 76 77 90 
19 29 60 70 78 90 
19 29 60 70 90 
19 32 35 49 51 
19 32 35 49 51 90 
19 32 35 49 51 94 
19 32 35 49 90 94 
19 32 35 51 53 90 
19 32 35 51 90 
19 32 35 51 90 94 
19 32 37 48 51 90 
19 32 49 51 53 90 
19 32 49 51 90 
19 32 49 60 70 90 
19 32 49 70 78 90 
19 32 49 76 77 90 
19 35 38 76 90 94 
19 35 44 64 90 94 
19 35 49 51 90 94 
19 35 51 64 67 90 
19 35 53 64 67 90 
19 35 53 90 94 
19 37 53 63 68 76 
19 38 39 69 76 94 
19 38 44 64 76 94 
19 39 64 69 76 84 
19 44 51 64 67 94 
19 44 64 69 84 94 
19 44 64 87 88 94 
19 44 64 88 94 
19 49 60 70 78 90 
19 51 64 67 69 84 
20 31 54 59 66 82 
20 31 54 62 66 80 
20 34 46 49 50 53 
20 34 50 53 56 
20 34 50 53 56 63 
20 34 50 56 59 82 
20 34 50 56 62 80 
20 34 53 56 63 
20 46 49 50 66 73 
20 46 49 59 66 73 
21 23 24 25 47 83 
21 23 24 25 47 93 
21 23 24 38 71 72 
21 23 24 40 65 86 
21 23 24 40 68 86 
21 23 24 41 54 86 
21 23 24 41 65 86 
21 23 24 54 65 86 
21 23 24 65 68 86 
21 23 25 38 72 93 
21 23 25 42 57 83 
21 23 25 42 57 93 
21 23 25 47 61 83 
21 23 25 47 61 93 
21 23 25 65 83 86 
21 23 27 40 86 91 
21 23 28 31 40 86 
21 23 28 31 54 86 
21 23 28 40 82 86 
21 23 28 54 82 86 
21 23 28 59 61 82 
21 23 28 59 74 82 
21 23 28 61 74 82 
21 23 38 57 72 93 
21 23 40 65 79 86 
21 23 40 65 86 
21 23 42 45 57 74 
21 23 42 45 57 93 
21 23 42 57 65 86 
21 23 42 57 74 75 
21 23 42 57 83 93 
21 23 42 57 91 93 
21 23 42 57 93 
21 23 45 57 74 93 
21 23 54 65 80 86 
21 23 57 58 61 93 
21 24 27 68 86 91 
21 24 38 47 71 93 
21 24 41 42 68 86 
21 24 41 47 83 86 
21 24 42 45 68 74 
21 24 42 47 68 83 
21 24 42 65 68 86 
21 24 47 61 83 93 
21 24 47 68 83 86 
21 24 65 68 86 
21 27 29 77 83 92 
21 27 29 77 86 92 
21 27 30 86 91 93 
21 27 30 86 92 93 
21 27 30 86 93 
21 27 33 40 91 92 
21 27 33 76 91 92 
21 27 33 77 91 92 
21 27 38 76 86 92 
21 27 38 76 86 93 
21 27 83 86 91 92 
21 27 83 91 92 
21 27 86 91 92 
21 28 42 45 59 74 
21 28 42 45 74 93 
21 28 59 61 74 82 
21 29 33 77 91 92 
21 29 33 77 92 
21 29 38 77 92 94 
21 29 46 59 77 92 
21 30 42 45 86 93 
21 30 42 57 86 93 
21 33 38 39 61 91 
21 33 39 61 77 91 
21 33 77 83 91 92 
21 38 39 47 61 93 
21 38 39 58 61 93 
21 39 47 61 77 83 
21 42 45 57 74 75 
21 42 45 57 74 93 
21 42 45 57 83 93 
21 42 45 74 75 
21 42 45 74 75 93 
21 42 45 74 83 93 
21 42 45 74 91 93 
21 42 45 74 93 
21 45 58 61 74 93 
22 26 37 64 85 88 
22 27 60 76 85 90 
22 30 58 64 85 88 
22 32 60 73 85 90 
22 32 73 76 77 90 
22 36 39 58 73 95 
22 36 39 58 85 95 
22 37 39 69 76 95 
22 37 64 69 84 95 
22 39 52 58 89 95 
22 39 57 58 76 95 
22 39 57 58 89 95 
22 39 57 58 95 
22 39 58 73 76 77 
22 39 58 73 77 89 
22 39 58 76 95 
22 39 64 76 84 95 
22 44 64 84 89 95 
22 45 57 58 63 95 
22 49 73 76 77 90 
22 63 68 76 87 89 
23 24 25 41 47 65 
23 24 25 47 54 65 
23 24 25 47 71 72 
23 24 27 40 68 91 
23 24 31 40 68 71 
23 24 31 41 54 71 
23 24 31 65 71 72 
23 24 31 66 71 72 
23 24 31 71 72 
23 24 31 71 72 74 
23 24 33 40 79 91 
23 24 40 41 54 68 
23 24 40 41 65 79 
23 24 40 52 61 79 
23 24 40 54 65 79 
23 24 40 54 79 80 
23 24 40 65 68 79 
23 24 40 65 68 86 
23 24 40 65 79 86 
23 24 40 68 79 
23 24 40 79 80 81 
23 24 41 54 65 
23 24 41 54 65 80 
23 24 41 54 80 
23 24 41 54 80 81 
23 24 41 65 71 72 
23 24 41 65 80 81 
23 24 54 56 61 80 
23 24 54 65 71 72 
23 24 54 65 80 
23 24 54 65 80 81 
23 25 27 33 40 91 
23 25 27 40 65 86 
23 25 31 57 67 75 
23 25 31 67 82 84 
23 25 47 57 58 61 
23 25 57 67 74 75 
23 27 33 40 76 91 
23 27 33 40 91 
23 27 33 40 91 92 
23 30 43 54 65 80 
23 31 45 57 74 75 
23 33 40 48 81 91 
23 33 40 52 61 91 
23 40 54 65 79 80 
23 40 65 79 80 81 
23 40 65 79 86 
23 42 45 57 74 75 
23 45 57 58 61 74 
23 45 57 74 75 
23 45 57 74 91 93 
23 54 65 80 81 
23 57 58 61 91 93 
24 25 26 41 47 65 
24 25 47 65 71 72 
24 33 47 52 79 91 
24 33 52 61 79 91 
24 40 47 52 68 79 
24 40 52 68 79 87 
24 40 65 68 79 86 
24 52 61 79 87 
25 26 27 36 84 85 
25 26 27 41 47 85 
25 26 30 41 64 65 
25 26 35 67 72 94 
25 26 41 44 47 71 
25 26 41 44 47 87 
25 26 41 47 65 
25 26 41 65 72 94 
25 27 30 65 86 93 
25 27 36 39 47 84 
25 27 36 44 72 84 
25 27 36 72 84 
25 27 41 47 65 86 
25 27 64 76 83 90 
25 28 35 44 67 83 
25 28 35 67 72 83 
25 28 35 67 83 
25 28 35 67 83 84 
25 28 59 83 84 93 
25 28 67 74 83 91 
25 30 41 47 65 93 
25 30 64 65 93 
25 30 65 83 86 93 
25 35 38 44 83 93 
25 35 38 72 83 93 
25 35 44 47 71 83 
25 35 44 64 83 90 
25 35 47 71 72 83 
25 35 64 67 83 90 
25 35 67 72 83 
25 36 57 72 84 95 
25 38 44 47 71 93 
25 38 44 59 84 93 
25 38 47 71 72 93 
25 39 44 47 52 84 
25 41 47 65 71 72 
25 41 47 65 83 86 
25 42 57 65 83 86 
25 44 47 52 71 
25 44 47 52 71 72 
25 57 67 75 84 95 
26 30 41 44 87 88 
26 35 48 51 67 94 
26 36 69 84 85 94 
26 37 43 64 78 88 
26 37 44 64 87 88 
26 37 44 69 84 94 
26 37 48 51 69 94 
26 37 64 69 84 88 
26 37 64 69 84 94 
26 37 69 84 94 
26 41 44 87 88 94 
26 43 60 78 85 88 
26 44 48 51 67 94 
26 44 52 55 87 88 
26 48 51 67 94 
26 48 60 78 85 92 
26 51 67 69 84 94 
27 29 33 76 77 92 
27 29 36 39 76 77 
27 29 38 76 77 92 
27 29 49 60 83 90 
27 29 49 76 77 83 
27 29 76 77 83 
27 29 76 77 83 90 
27 30 41 47 58 85 
27 30 41 47 86 93 
27 30 45 68 86 93 
27 32 76 77 83 90 
27 33 36 39 76 92 
27 33 38 76 91 93 
27 33 39 47 76 91 
27 33 40 47 52 91 
27 33 40 60 79 92 
27 33 40 76 91 92 
27 33 76 77 83 91 
27 36 38 39 76 92 
27 36 39 47 58 85 
27 36 39 47 68 76 
27 36 39 47 76 
27 38 39 47 76 93 
27 38 76 77 83 93 
27 39 40 47 52 76 
27 39 47 76 77 83 
27 41 42 68 85 86 
27 41 47 58 68 85 
27 41 47 58 85 
27 41 47 58 85 86 
27 41 47 58 85 93 
27 41 47 83 85 86 
27 41 47 85 86 
27 42 45 68 83 93 
27 42 68 76 77 83 
27 49 76 77 83 90 
27 60 76 77 83 90 
27 60 76 83 86 90 
27 60 76 83 90 
27 76 77 83 90 
28 31 34 46 62 67 
28 31 34 62 67 82 
28 31 34 67 75 82 
28 31 40 54 82 86 
28 31 46 59 62 66 
28 31 50 59 66 75 
28 34 46 67 82 84 
28 34 50 59 75 82 
28 34 61 67 74 82 
28 34 61 74 75 82 
28 35 42 53 67 83 
28 38 39 59 77 84 
28 38 46 59 75 77 
28 38 59 77 83 93 
28 39 42 77 84 95 
28 39 46 75 77 84 
28 42 45 46 74 75 
28 42 45 53 67 74 
28 42 46 53 67 75 
28 42 46 75 77 
28 42 46 75 84 95 
28 46 75 77 84 95 
29 32 33 48 77 92 
29 32 34 46 51 60 
29 32 35 49 51 53 
29 32 35 49 51 60 
29 32 48 51 60 92 
29 32 49 51 53 60 
29 32 49 51 60 70 
29 33 36 39 77 92 
29 33 38 77 92 94 
29 34 35 46 49 51 
29 34 46 49 51 53 
29 35 38 49 77 94 
29 35 49 72 73 94 
29 36 38 39 77 92 
29 36 38 72 92 94 
29 36 39 46 77 84 
29 36 39 58 73 77 
29 36 39 69 73 77 
29 36 46 59 84 92 
29 36 46 69 73 84 
29 36 69 72 73 94 
29 36 69 73 85 94 
29 36 72 73 85 94 
29 38 39 69 77 94 
29 38 46 59 77 92 
29 38 72 73 77 94 
29 38 73 85 92 94 
29 38 77 85 92 94 
29 38 77 92 94 
29 39 46 69 77 84 
29 49 60 70 78 90 
29 49 60 70 90 
29 72 73 85 94 
30 40 43 54 55 81 
30 40 54 55 65 79 
30 40 55 64 76 86 
30 40 55 65 79 86 
30 41 42 45 68 86 
30 41 44 87 88 94 
30 41 45 47 58 68 
30 41 45 47 68 93 
30 41 47 58 85 
30 41 47 58 85 88 
30 41 47 58 85 93 
30 41 47 83 86 93 
30 41 58 85 87 88 
30 42 45 83 86 93 
30 42 57 83 86 93 
30 43 54 65 80 81 
30 43 55 65 79 80 
31 32 46 62 81 82 
31 34 35 62 67 71 
31 34 46 62 67 82 
31 34 46 62 75 82 
31 34 46 62 81 82 
31 34 46 67 82 84 
31 34 51 62 67 81 
31 34 51 62 81 82 
31 34 51 67 81 82 
31 34 61 67 74 82 
31 34 61 74 75 82 
31 34 62 67 81 82 
31 34 62 67 82 
31 34 62 67 82 84 
31 34 62 75 81 82 
31 34 67 75 82 84 
31 34 67 82 84 
31 40 41 54 68 71 
31 46 59 62 66 82 
31 46 62 75 81 82 
31 46 67 75 82 84 
32 34 35 46 49 51 
32 34 46 49 51 53 
32 34 46 51 62 81 
32 34 46 51 81 82 
32 34 46 62 81 82 
32 37 43 48 55 90 
32 40 43 48 55 81 
32 43 46 62 81 82 
32 46 62 81 82 
32 49 60 70 78 90 
32 76 77 83 86 90 
32 76 77 83 90 
33 36 38 39 72 92 
33 37 40 55 64 76 
33 38 39 44 52 84 
33 38 39 47 91 93 
33 38 77 83 91 93 
33 39 47 52 61 91 
33 39 47 77 83 91 
33 40 43 48 55 81 
34 46 51 62 81 82 
34 46 67 75 84 95 
34 51 53 56 63 69 
34 51 62 81 82 
34 56 62 80 81 82 
35 38 44 64 76 90 
35 38 47 71 83 93 
35 38 49 72 73 77 
35 38 49 76 77 90 
35 38 49 77 83 93 
35 38 76 77 83 90 
35 38 77 83 93 
36 38 39 44 72 84 
36 38 39 59 84 92 
36 38 39 69 72 94 
36 38 39 72 73 77 
36 38 39 72 92 
36 38 59 66 72 92 
36 38 72 85 92 94 
36 39 46 73 77 84 
36 39 58 73 77 
36 39 58 73 77 85 
36 44 69 72 84 94 
36 46 59 66 73 84 
36 59 66 84 92 
36 69 72 73 85 94 
36 69 72 85 94 
37 39 63 69 76 89 
37 39 64 69 76 84 
37 43 55 64 78 90 
37 63 68 76 87 89 
37 63 68 76 89 
38 39 44 47 52 71 
38 39 44 52 59 84 
38 39 44 52 84 
38 39 44 59 84 
38 39 44 59 84 89 
38 39 44 64 76 84 
38 39 44 69 84 94 
38 39 46 59 77 84 
38 39 47 58 71 93 
38 39 47 68 71 76 
38 39 47 71 87 89 
38 39 47 71 93 
38 39 47 77 83 93 
38 68 71 76 87 89 
39 40 47 52 68 76 
39 40 52 76 89 95 
39 42 52 77 89 95 
39 44 52 84 89 95 
39 44 64 76 84 89 
39 47 68 76 87 89 
39 56 61 69 82 84 
40 43 48 55 78 81 
40 43 48 55 81 
40 43 55 79 80 81 
40 52 68 76 87 89 
40 54 65 79 80 81 
41 42 47 68 83 86 
41 44 64 87 88 94 
42 45 47 68 83 93 
42 45 53 67 74 75 
42 63 68 76 77 89 
42 63 69 77 89 95 
43 55 60 78 79 80 
43 55 60 79 80 
44 51 67 69 84 94 
44 52 55 64 87 88 
44 64 71 87 88 94 
44 64 87 88 94 
45 58 61 74 91 93 
46 59 62 66 73 
46 67 75 84 95 
63 68 76 87 89 
