981
0 1 49 70 73 
0 2 20 66 70 
0 6 36 65 72 
0 7 9 20 30 
0 7 9 30 58 
0 7 9 30 70 
0 7 9 54 70 
0 7 20 65 80 
0 7 23 54 72 
0 7 30 54 58 
0 7 30 58 73 
0 7 31 54 66 
0 7 41 47 54 
0 7 65 72 80 
0 9 14 30 70 
0 9 20 30 70 
0 9 30 45 70 
0 9 30 54 70 
0 14 30 45 70 
0 17 49 66 73 
0 19 22 29 73 
0 19 22 49 73 
0 19 29 36 49 
0 19 29 36 69 
0 19 29 36 73 
0 19 41 72 94 
0 20 31 54 66 
0 30 45 53 70 
0 35 49 53 72 
0 35 49 72 73 
0 36 41 73 85 
0 41 53 68 86 
0 41 65 71 72 
0 41 65 72 94 
0 41 66 71 72 
0 41 71 72 94 
0 42 53 68 86 
0 49 73 77 86 
0 49 77 83 86 
1 2 12 22 62 
1 2 12 62 89 
1 2 15 22 26 
1 2 15 26 85 
1 2 15 60 85 
1 2 18 22 37 
1 2 18 37 63 
1 2 19 22 70 
1 2 22 37 63 
1 2 22 60 90 
1 2 22 66 73 
1 7 9 58 73 
1 9 30 55 58 
1 9 30 55 79 
1 9 45 58 78 
1 9 45 60 78 
1 9 52 58 79 
1 11 37 60 90 
1 12 26 44 85 
1 12 52 55 58 
1 12 52 55 79 
1 12 52 58 79 
1 14 55 70 79 
1 15 22 26 37 
1 15 22 26 64 
1 19 22 37 70 
1 19 37 70 78 
1 22 26 55 64 
1 22 26 64 85 
1 22 37 60 90 
1 22 60 78 90 
1 22 60 85 90 
1 26 48 85 92 
1 26 60 78 85 
1 29 32 60 73 
1 29 36 60 73 
1 30 52 55 58 
1 32 36 60 73 
1 32 48 60 73 
1 32 48 60 92 
1 32 48 73 78 
1 32 60 73 78 
1 32 60 73 85 
1 43 55 60 79 
1 45 58 70 78 
1 48 60 78 92 
1 48 60 85 92 
1 52 55 58 79 
2 3 6 79 95 
2 3 18 79 95 
2 7 9 20 66 
2 9 18 56 57 
2 9 18 56 63 
2 9 18 57 95 
2 9 20 66 70 
2 9 45 56 63 
2 9 45 63 70 
2 9 62 79 80 
2 10 12 62 89 
2 11 18 60 63 
2 11 18 60 66 
2 11 36 60 66 
2 11 60 63 66 
2 12 22 62 89 
2 15 18 62 75 
2 15 18 63 75 
2 15 22 60 85 
2 15 31 41 71 
2 15 31 70 74 
2 15 31 71 94 
2 15 41 71 94 
2 15 62 75 95 
2 18 22 37 95 
2 18 36 66 95 
2 18 63 68 71 
2 22 60 85 90 
2 31 62 75 95 
2 33 52 79 89 
2 36 60 66 95 
2 38 44 71 89 
2 38 71 87 89 
2 44 71 87 89 
2 45 53 63 70 
3 4 51 57 65 
3 6 21 24 42 
3 6 21 42 95 
3 6 29 36 92 
3 6 29 36 95 
3 6 29 69 92 
3 6 38 69 94 
3 6 56 69 80 
3 6 57 65 93 
3 6 57 93 95 
3 9 57 65 79 
3 9 57 65 80 
3 9 57 79 80 
3 10 51 80 81 
3 15 69 94 95 
3 15 75 94 95 
3 18 24 71 94 
3 18 56 62 80 
3 18 56 69 80 
3 18 62 75 80 
3 18 69 71 94 
3 19 22 69 95 
3 19 42 51 53 
3 21 24 42 68 
3 24 41 65 94 
3 24 41 71 94 
3 34 51 67 75 
3 41 65 72 94 
3 42 57 65 86 
3 42 63 69 95 
3 57 65 72 94 
4 6 25 65 84 
4 6 59 65 84 
4 8 23 40 82 
4 8 28 65 86 
4 8 32 46 50 
4 8 46 50 59 
4 11 32 46 59 
4 13 48 81 82 
4 21 23 28 31 
4 21 23 28 59 
4 21 23 28 74 
4 21 23 28 82 
4 21 23 59 82 
4 23 25 48 91 
4 23 28 31 74 
4 23 28 31 81 
4 23 28 74 82 
4 23 48 81 91 
4 23 65 80 81 
4 25 26 48 84 
4 25 26 48 91 
4 25 28 51 67 
4 25 28 67 83 
4 25 28 83 84 
4 25 36 72 84 
4 25 51 67 84 
4 25 57 59 93 
4 25 57 84 95 
4 25 59 84 93 
4 28 42 57 75 
4 28 46 57 75 
4 28 51 67 84 
4 29 34 46 51 
4 32 34 46 51 
4 32 46 62 81 
4 32 46 72 73 
4 34 46 51 82 
4 34 51 81 82 
4 35 51 72 94 
4 36 44 72 84 
4 38 59 66 72 
4 46 62 81 82 
4 51 67 69 84 
4 54 65 80 81 
4 54 65 81 82 
5 8 16 48 78 
5 8 26 48 88 
5 8 27 48 91 
5 8 27 48 92 
5 8 27 68 91 
5 8 27 68 92 
5 8 27 91 92 
5 8 33 40 48 
5 8 33 40 68 
5 8 33 40 76 
5 8 33 48 76 
5 8 33 68 76 
5 8 41 68 88 
5 8 48 51 53 
5 8 48 55 88 
5 8 51 53 68 
5 10 13 34 53 
5 10 13 53 87 
5 10 53 68 87 
5 13 14 16 45 
5 13 14 16 88 
5 13 14 43 88 
5 13 14 45 88 
5 13 34 50 53 
5 13 34 50 62 
5 14 30 45 88 
5 16 17 33 50 
5 16 30 45 88 
5 16 35 45 53 
5 16 35 49 53 
5 16 35 53 70 
5 16 42 45 83 
5 16 42 83 91 
5 16 45 48 78 
5 16 45 49 53 
5 16 45 74 91 
5 16 49 53 70 
5 16 74 83 91 
5 20 34 50 53 
5 21 42 83 91 
5 21 42 91 92 
5 24 27 68 91 
5 24 47 68 91 
5 24 47 87 91 
5 24 68 87 91 
5 26 48 55 88 
5 27 47 68 91 
5 27 68 91 92 
5 33 40 68 76 
5 33 48 55 88 
5 33 52 87 89 
5 33 63 87 89 
5 45 74 91 93 
5 45 91 92 93 
5 47 68 87 91 
5 63 68 87 89 
6 7 36 39 80 
6 9 79 80 93 
6 11 59 69 84 
6 21 23 65 86 
6 21 24 38 71 
6 21 24 39 61 
6 21 24 47 93 
6 21 24 65 86 
6 21 38 39 61 
6 21 39 61 77 
6 24 39 47 61 
6 24 39 47 93 
6 24 47 91 93 
6 24 91 92 93 
6 25 30 65 93 
6 25 57 65 93 
6 25 59 84 93 
6 25 65 84 93 
6 30 57 65 93 
6 33 36 39 92 
6 33 38 39 79 
6 33 38 79 92 
6 33 39 52 79 
6 33 39 79 92 
6 33 60 79 92 
6 36 38 39 72 
6 36 38 65 72 
6 36 38 72 92 
6 36 59 66 84 
6 36 59 66 92 
6 36 60 79 92 
6 38 39 44 84 
6 38 39 47 93 
6 38 39 58 93 
6 38 39 69 94 
6 38 44 59 84 
6 39 47 58 93 
6 57 65 93 95 
7 9 52 58 79 
7 9 52 79 80 
7 9 57 58 72 
7 10 52 79 80 
7 11 18 56 66 
7 13 24 61 80 
7 17 20 52 66 
7 18 20 56 66 
7 20 31 54 66 
7 20 49 66 73 
7 20 62 66 80 
7 23 54 56 61 
7 23 54 61 72 
7 23 54 61 82 
7 23 54 65 72 
7 24 47 61 80 
7 24 56 61 80 
7 25 47 71 72 
7 27 36 39 47 
7 36 38 39 72 
7 36 39 56 69 
7 36 39 58 85 
7 36 39 73 77 
7 39 56 61 69 
7 39 58 73 77 
7 47 66 71 72 
7 54 65 72 80 
7 57 58 72 73 
8 10 51 81 87 
8 11 32 46 50 
8 16 17 40 50 
8 16 27 83 86 
8 16 32 48 78 
8 16 32 49 78 
8 16 32 49 90 
8 16 32 76 90 
8 16 32 78 90 
8 16 45 68 87 
8 26 48 55 88 
8 27 29 32 51 
8 27 29 32 60 
8 27 48 91 92 
8 30 41 86 88 
8 32 43 81 88 
8 32 76 77 86 
8 32 76 77 90 
8 33 37 48 76 
8 33 40 48 55 
8 33 40 48 76 
8 33 40 48 81 
8 40 48 55 81 
8 40 48 55 88 
8 40 52 68 87 
8 41 68 86 88 
8 41 86 87 88 
8 68 76 87 89 
9 11 20 56 60 
9 11 20 60 70 
9 14 20 56 70 
9 14 30 45 56 
9 14 30 54 56 
9 14 30 56 70 
9 14 45 56 63 
9 14 45 56 70 
9 17 20 70 79 
9 17 20 79 80 
9 20 45 53 70 
9 23 30 54 57 
9 23 54 57 65 
9 27 60 92 93 
9 30 43 54 80 
9 30 43 60 80 
9 30 43 65 80 
9 30 54 65 79 
9 30 55 65 79 
9 30 57 65 79 
9 30 57 65 80 
9 30 65 79 80 
9 40 54 65 79 
9 40 54 79 80 
9 43 60 79 80 
9 54 57 65 79 
9 54 57 65 80 
9 57 65 79 80 
10 12 34 52 61 
10 12 44 62 71 
10 12 44 67 75 
10 12 62 67 75 
10 12 62 71 87 
10 13 33 52 61 
10 13 33 52 89 
10 13 34 48 51 
10 13 34 52 61 
10 14 34 43 62 
10 15 44 67 89 
10 16 35 44 87 
10 16 35 71 87 
10 17 35 44 52 
10 31 34 62 67 
10 31 51 67 81 
10 31 62 67 75 
10 31 62 67 81 
10 34 35 62 71 
10 34 50 62 87 
10 34 51 81 82 
10 34 56 62 80 
10 34 62 81 82 
10 35 44 62 71 
10 35 62 71 87 
10 43 44 64 67 
10 44 51 67 94 
10 44 62 71 87 
10 50 62 71 87 
11 13 14 43 56 
11 13 43 56 80 
11 14 37 56 78 
11 14 43 56 78 
11 14 43 56 80 
11 16 17 50 78 
11 16 17 55 78 
11 16 50 78 90 
11 17 19 20 90 
11 17 20 32 49 
11 17 37 43 55 
11 17 37 55 78 
11 17 37 55 90 
11 17 43 55 78 
11 17 43 55 90 
11 17 55 78 90 
11 17 60 79 90 
11 18 36 66 69 
11 18 43 50 62 
11 18 43 62 66 
11 18 50 62 75 
11 18 50 66 75 
11 19 20 37 56 
11 19 20 37 69 
11 19 20 37 90 
11 19 20 49 90 
11 19 20 56 69 
11 19 20 69 90 
11 20 32 49 90 
11 20 34 50 56 
11 20 43 56 80 
11 20 53 56 63 
11 20 56 59 82 
11 20 60 70 78 
11 29 32 51 69 
11 29 32 60 69 
11 29 36 60 69 
11 32 37 48 90 
11 32 46 50 59 
11 36 60 66 69 
11 37 43 55 64 
11 37 43 55 90 
11 37 43 64 78 
11 37 45 63 78 
11 43 50 62 66 
11 43 50 62 88 
12 15 22 75 85 
12 15 22 75 89 
12 15 22 75 95 
12 15 75 85 89 
12 15 75 89 95 
12 17 50 52 87 
12 22 39 58 89 
12 22 44 64 89 
12 22 73 77 89 
12 22 75 89 95 
12 26 44 85 94 
12 34 35 44 67 
12 34 44 67 75 
12 34 52 58 61 
12 41 85 87 88 
12 44 62 71 87 
12 46 50 66 73 
12 46 62 66 73 
12 46 73 77 89 
12 50 62 66 73 
12 50 62 71 87 
12 50 85 87 88 
13 14 33 43 55 
13 14 33 48 55 
13 14 43 48 55 
13 14 43 48 78 
13 14 48 55 78 
13 18 34 56 62 
13 18 56 62 80 
13 23 48 81 91 
13 23 61 81 91 
13 23 81 82 91 
13 24 56 61 80 
13 24 61 80 91 
13 31 34 62 82 
13 31 46 62 82 
13 32 43 48 55 
13 32 43 48 78 
13 33 39 52 61 
13 33 39 61 91 
13 33 40 48 81 
13 33 40 81 82 
13 33 43 48 55 
13 33 52 61 91 
13 34 48 51 81 
13 34 51 62 81 
13 34 51 81 82 
13 43 48 55 78 
13 43 48 55 81 
13 43 48 78 81 
13 46 62 81 82 
14 15 16 74 88 
14 16 17 55 78 
14 16 17 55 88 
14 16 26 78 88 
14 16 34 35 50 
14 16 34 50 88 
14 16 43 64 90 
14 16 43 88 90 
14 16 64 78 90 
14 16 64 88 90 
14 23 28 74 82 
14 23 31 74 82 
14 26 37 64 78 
14 26 43 64 78 
14 26 43 78 88 
14 26 64 78 88 
14 26 64 78 90 
14 28 31 74 82 
14 28 61 74 82 
14 30 45 58 61 
14 30 54 56 82 
14 31 61 74 82 
14 34 45 53 70 
14 34 61 67 74 
14 34 61 74 75 
14 34 64 67 74 
14 34 67 74 75 
14 37 43 64 78 
14 37 55 56 64 
14 37 55 56 78 
14 37 56 64 78 
14 37 64 78 90 
14 45 58 61 74 
14 55 64 78 90 
14 55 70 78 79 
15 18 31 63 75 
15 18 31 63 95 
15 18 42 63 75 
15 19 22 85 94 
15 22 26 37 63 
15 22 26 37 64 
15 22 26 37 85 
15 22 26 64 67 
15 22 26 64 85 
15 22 26 64 88 
15 22 36 85 95 
15 22 64 67 88 
15 22 64 85 88 
15 26 28 84 95 
15 26 35 67 94 
15 26 44 67 89 
15 26 44 89 94 
15 26 51 67 94 
15 26 67 74 78 
15 26 67 84 95 
15 28 42 63 75 
15 28 42 63 95 
15 28 42 84 95 
15 28 67 84 95 
15 28 75 84 95 
15 31 41 54 71 
15 31 41 71 94 
15 35 44 67 94 
15 35 51 67 94 
15 38 44 89 94 
15 41 87 88 89 
15 44 51 67 94 
15 44 67 89 94 
15 63 69 94 95 
15 67 75 84 95 
16 17 20 50 70 
16 17 20 70 79 
16 17 34 35 50 
16 17 46 49 50 
16 17 49 70 79 
16 17 50 52 87 
16 17 50 55 88 
16 17 55 78 88 
16 17 55 78 90 
16 19 60 70 90 
16 19 70 78 90 
16 20 46 49 50 
16 20 49 50 70 
16 21 28 74 83 
16 21 74 83 91 
16 26 43 78 88 
16 26 55 78 88 
16 28 74 83 91 
16 32 49 70 78 
16 35 44 71 87 
16 35 45 49 53 
16 35 45 53 70 
16 42 45 83 93 
16 43 55 78 88 
16 43 64 88 90 
16 43 78 88 90 
16 49 60 70 90 
17 20 46 49 50 
17 20 46 49 59 
17 20 49 66 73 
17 20 49 70 79 
17 20 70 79 80 
17 21 28 59 83 
17 21 59 83 93 
17 27 40 83 86 
17 28 59 83 93 
17 33 35 38 59 
17 33 38 59 92 
17 33 40 76 90 
17 33 49 77 83 
17 33 77 83 91 
17 35 66 71 72 
17 37 43 55 90 
17 37 55 64 90 
17 37 55 78 90 
17 43 55 64 90 
17 43 55 78 90 
17 46 49 50 59 
17 55 64 78 90 
18 22 37 69 95 
18 23 31 57 75 
18 31 50 66 75 
18 31 54 56 82 
18 34 56 62 75 
18 34 56 62 80 
18 36 66 69 95 
18 42 63 68 71 
18 45 57 63 95 
18 57 66 71 72 
19 20 37 56 69 
19 22 29 49 73 
19 22 29 73 85 
19 22 29 85 94 
19 22 37 53 63 
19 22 37 69 95 
19 22 49 73 90 
19 22 53 63 69 
19 22 63 69 95 
19 26 37 64 94 
19 26 37 69 94 
19 26 44 64 94 
19 26 64 88 94 
19 27 29 76 77 
19 29 32 49 90 
19 29 32 51 90 
19 29 32 60 90 
19 29 35 49 51 
19 29 35 49 94 
19 29 49 60 70 
19 29 49 60 90 
19 29 49 76 77 
19 29 60 70 90 
19 32 35 49 51 
19 32 35 51 90 
19 32 49 51 53 
19 32 49 51 90 
19 35 49 51 90 
19 35 49 51 94 
19 35 49 53 94 
19 35 49 90 94 
19 35 51 53 90 
19 35 51 90 94 
19 35 53 90 94 
19 37 39 69 76 
19 37 48 51 69 
19 37 53 63 69 
19 37 64 69 84 
19 37 70 78 90 
19 44 64 88 94 
19 49 60 70 90 
19 49 70 78 90 
19 49 76 77 90 
19 51 53 63 69 
19 51 53 64 67 
19 60 70 78 90 
20 34 50 53 56 
20 34 53 56 63 
20 46 49 50 59 
20 50 62 66 80 
20 54 56 59 82 
21 23 24 65 86 
21 23 25 57 93 
21 23 25 83 93 
21 23 28 31 82 
21 23 28 59 82 
21 23 28 61 82 
21 23 28 74 82 
21 23 40 54 86 
21 23 40 65 86 
21 23 42 57 93 
21 23 54 65 86 
21 23 57 91 93 
21 23 59 61 82 
21 24 41 65 86 
21 24 41 68 86 
21 24 42 68 86 
21 24 47 61 83 
21 24 47 61 93 
21 24 47 83 93 
21 24 65 68 86 
21 27 30 86 93 
21 27 83 86 92 
21 27 83 91 92 
21 27 86 91 92 
21 27 86 91 93 
21 27 86 92 93 
21 28 42 45 74 
21 28 59 61 82 
21 28 61 74 82 
21 29 33 77 92 
21 29 38 77 92 
21 30 83 86 93 
21 33 38 77 91 
21 33 38 91 93 
21 33 77 83 91 
21 33 77 91 92 
21 35 38 77 83 
21 35 38 83 93 
21 38 39 61 77 
21 38 46 59 77 
21 42 45 57 93 
21 42 45 74 75 
21 42 45 74 93 
21 42 45 83 93 
21 42 57 83 93 
21 45 74 91 93 
21 47 58 61 93 
21 47 61 83 93 
21 58 61 91 93 
22 26 37 64 85 
22 26 64 85 88 
22 32 49 73 90 
22 36 73 85 95 
22 37 63 68 76 
22 39 52 58 89 
22 39 57 58 95 
22 39 58 76 89 
22 39 58 76 95 
22 39 58 89 95 
22 44 64 76 89 
22 63 68 76 89 
22 73 76 77 89 
23 24 25 47 61 
23 24 25 47 65 
23 24 31 71 72 
23 24 31 71 74 
23 24 40 65 79 
23 24 40 68 79 
23 24 41 54 65 
23 24 41 54 80 
23 24 54 65 80 
23 24 54 80 81 
23 24 65 71 72 
23 24 65 80 81 
23 25 27 40 91 
23 25 31 67 74 
23 25 67 74 91 
23 27 33 40 91 
23 28 61 74 82 
23 31 57 74 75 
23 31 66 71 72 
23 40 52 61 82 
23 40 54 65 79 
23 40 65 79 86 
23 45 57 74 75 
23 54 65 80 81 
24 25 41 47 65 
24 25 47 65 91 
24 41 65 71 72 
24 47 52 61 79 
24 47 52 79 87 
24 52 61 79 87 
25 26 41 47 65 
25 27 36 72 84 
25 27 65 83 86 
25 28 35 67 83 
25 28 67 83 84 
25 30 57 64 65 
25 30 57 64 93 
25 30 64 65 93 
25 35 44 67 83 
25 35 44 72 83 
25 35 67 72 83 
25 36 44 72 84 
25 38 44 72 93 
25 38 57 72 93 
25 42 57 83 93 
25 44 47 52 71 
25 44 47 52 87 
25 44 47 71 72 
25 44 47 71 87 
26 30 41 55 64 
26 35 51 67 94 
26 37 43 64 78 
26 37 64 69 84 
26 37 69 84 94 
26 41 44 71 87 
26 41 44 87 88 
26 41 44 87 94 
26 43 64 78 88 
26 43 64 78 90 
26 44 51 67 94 
26 44 52 55 64 
26 44 64 87 88 
26 44 69 84 94 
26 44 87 88 94 
26 48 51 67 94 
26 55 64 78 90 
27 29 49 77 83 
27 29 76 77 83 
27 29 76 77 86 
27 29 77 83 86 
27 30 83 86 93 
27 33 38 76 92 
27 33 40 76 91 
27 33 40 76 92 
27 33 40 91 92 
27 33 76 91 92 
27 36 39 47 76 
27 38 76 92 93 
27 39 47 68 76 
27 40 47 52 68 
27 41 47 58 85 
27 41 47 68 85 
27 41 47 83 86 
27 41 47 85 86 
27 41 68 85 86 
27 42 47 68 83 
27 45 47 68 93 
27 47 58 85 93 
27 58 85 92 93 
27 60 76 83 90 
27 76 77 83 90 
27 76 83 86 90 
28 31 34 67 82 
28 31 34 75 82 
28 31 40 54 86 
28 31 40 82 86 
28 31 46 62 82 
28 31 54 82 86 
28 31 59 66 82 
28 31 61 74 82 
28 34 46 67 82 
28 34 46 67 84 
28 34 67 75 82 
28 34 67 82 84 
28 38 46 59 77 
28 39 46 77 84 
28 40 54 82 86 
28 42 45 74 75 
28 42 46 75 77 
28 42 53 67 75 
28 42 75 84 95 
28 46 75 84 95 
28 67 75 84 95 
29 32 34 46 51 
29 32 35 49 51 
29 32 48 51 92 
29 32 48 60 92 
29 32 49 51 53 
29 32 49 60 70 
29 33 38 77 92 
29 35 49 51 53 
29 35 49 51 94 
29 36 39 69 77 
29 36 39 73 77 
29 36 46 69 84 
29 36 46 73 84 
29 36 69 72 94 
29 36 72 73 94 
29 36 72 85 94 
29 38 77 92 94 
29 38 85 92 94 
29 49 60 70 90 
29 72 73 85 94 
30 40 54 55 86 
30 41 45 68 86 
30 41 47 58 85 
30 41 47 58 93 
30 41 58 85 88 
30 42 45 57 86 
30 42 45 68 86 
30 42 57 65 86 
30 43 45 55 78 
30 43 54 65 80 
30 43 54 80 81 
31 34 46 62 82 
31 34 46 75 82 
31 34 62 67 82 
31 34 62 75 82 
31 34 62 81 82 
31 34 67 75 82 
31 34 67 82 84 
31 35 44 67 71 
31 46 62 75 82 
31 46 62 81 82 
32 35 49 51 53 
32 35 49 51 90 
32 36 60 73 85 
32 43 46 62 81 
32 43 48 55 81 
32 46 62 81 82 
32 48 60 78 92 
32 49 60 70 78 
32 49 60 70 90 
32 49 70 78 90 
32 49 76 77 90 
32 76 77 83 90 
33 36 38 39 92 
33 37 40 55 76 
33 37 48 55 76 
33 37 55 64 76 
33 38 39 44 52 
33 39 47 52 91 
33 39 47 61 91 
33 39 52 61 91 
33 40 48 55 81 
33 40 55 64 76 
33 47 52 61 91 
34 35 46 49 53 
34 42 53 67 75 
34 46 62 81 82 
34 46 67 75 84 
34 46 67 82 84 
34 51 62 81 82 
34 61 67 74 75 
35 38 49 77 83 
35 38 77 83 93 
35 42 49 53 83 
35 44 64 67 90 
36 38 39 72 92 
36 39 58 73 77 
36 39 58 73 85 
36 59 66 84 92 
36 69 72 85 94 
36 72 73 85 94 
37 40 55 64 76 
37 63 68 76 89 
38 39 44 52 84 
38 39 44 59 84 
38 39 44 84 89 
38 39 47 58 93 
38 39 47 71 93 
38 44 64 76 89 
38 59 66 71 72 
39 40 52 76 89 
39 42 77 89 95 
39 44 52 84 89 
39 44 84 89 95 
40 43 48 55 81 
40 47 52 68 87 
40 54 65 79 80 
40 54 65 79 86 
40 54 79 80 81 
41 44 87 88 94 
41 47 68 83 86 
41 65 71 72 94 
42 45 57 74 75 
42 45 57 83 93 
42 47 68 83 86 
42 49 53 77 83 
42 63 77 89 95 
43 48 55 78 81 
43 55 60 78 79 
43 55 60 79 80 
44 64 87 88 94 
44 71 87 88 94 
45 47 58 68 93 
45 53 67 70 74 
46 50 59 66 73 
46 50 62 66 73 
46 59 62 66 73 
46 67 75 84 95 
49 60 70 78 90 
49 76 77 83 90 
50 62 66 71 87 
55 60 70 78 79 
63 68 76 87 89 
76 77 83 86 90 
