3942
0 32 80 85 106 108 112 115 116 118 122 123 126 128 130 135 138 168 194 216 218 220 225 229 232 233 234 236 239 263 268 283 291 297 623 
1 33 54 86 107 109 113 116 117 119 123 124 127 129 131 136 139 169 195 217 219 221 226 230 233 234 235 237 240 264 269 284 292 298 624 
2 34 55 81 87 110 114 117 118 120 124 125 128 130 132 137 140 170 196 218 220 222 227 231 234 235 236 238 241 243 265 285 293 299 625 
3 35 56 82 88 111 115 118 119 121 125 126 129 131 133 138 141 171 197 219 221 223 228 232 235 236 237 239 242 244 266 286 294 300 626 
4 36 57 83 89 112 116 119 120 122 126 127 130 132 134 139 142 172 198 216 220 222 224 229 233 236 237 238 240 245 267 287 295 301 627 
5 37 58 84 90 108 113 117 120 121 123 127 128 131 133 140 143 173 199 217 221 223 225 230 234 237 238 239 241 246 268 288 296 302 628 
6 38 59 85 91 109 114 118 121 122 124 128 129 132 134 141 144 174 200 218 222 224 226 231 235 238 239 240 242 247 269 270 289 303 629 
7 39 60 86 92 108 110 115 119 122 123 125 129 130 133 142 145 175 201 216 219 223 225 227 232 236 239 240 241 243 248 271 290 304 630 
8 40 61 87 93 109 111 116 120 123 124 126 130 131 134 143 146 176 202 217 220 224 226 228 233 237 240 241 242 244 249 272 291 305 631 
9 41 62 88 94 108 110 112 117 121 124 125 127 131 132 144 147 177 203 216 218 221 225 227 229 234 238 241 242 245 250 273 292 306 632 
10 42 63 89 95 109 111 113 118 122 125 126 128 132 133 145 148 178 204 216 217 219 222 226 228 230 235 239 242 246 251 274 293 307 633 
11 43 64 90 96 110 112 114 119 123 126 127 129 133 134 146 149 179 205 216 217 218 220 223 227 229 231 236 240 247 252 275 294 308 634 
12 44 65 91 97 108 111 113 115 120 124 127 128 130 134 147 150 180 206 217 218 219 221 224 228 230 232 237 241 248 253 276 295 309 635 
13 45 66 92 98 108 109 112 114 116 121 125 128 129 131 148 151 181 207 218 219 220 222 225 229 231 233 238 242 249 254 277 296 310 636 
14 46 67 93 99 109 110 113 115 117 122 126 129 130 132 149 152 182 208 216 219 220 221 223 226 230 232 234 239 250 255 270 278 311 637 
15 47 68 94 100 110 111 114 116 118 123 127 130 131 133 150 153 183 209 217 220 221 222 224 227 231 233 235 240 251 256 271 279 312 638 
16 48 69 95 101 111 112 115 117 119 124 128 131 132 134 151 154 184 210 218 221 222 223 225 228 232 234 236 241 252 257 272 280 313 639 
17 49 70 96 102 108 112 113 116 118 120 125 129 132 133 152 155 185 211 219 222 223 224 226 229 233 235 237 242 253 258 273 281 314 640 
18 50 71 97 103 109 113 114 117 119 121 126 130 133 134 153 156 186 212 216 220 223 224 225 227 230 234 236 238 254 259 274 282 315 641 
19 51 72 98 104 108 110 114 115 118 120 122 127 131 134 154 157 187 213 217 221 224 225 226 228 231 235 237 239 255 260 275 283 316 642 
20 52 73 99 105 108 109 111 115 116 119 121 123 128 132 155 158 188 214 218 222 225 226 227 229 232 236 238 240 256 261 276 284 317 643 
21 53 74 100 106 109 110 112 116 117 120 122 124 129 133 156 159 162 215 219 223 226 227 228 230 233 237 239 241 257 262 277 285 318 644 
22 27 75 101 107 110 111 113 117 118 121 123 125 130 134 157 160 163 189 220 224 227 228 229 231 234 238 240 242 258 263 278 286 319 645 
23 28 76 81 102 108 111 112 114 118 119 122 124 126 131 158 161 164 190 216 221 225 228 229 230 232 235 239 241 259 264 279 287 320 646 
24 29 77 82 103 109 112 113 115 119 120 123 125 127 132 135 159 165 191 217 222 226 229 230 231 233 236 240 242 260 265 280 288 321 647 
25 30 78 83 104 110 113 114 116 120 121 124 126 128 133 136 160 166 192 216 218 223 227 230 231 232 234 237 241 261 266 281 289 322 621 
26 31 79 84 105 111 114 115 117 121 122 125 127 129 134 137 161 167 193 217 219 224 228 231 232 233 235 238 242 262 267 282 290 323 622 
14 16 22 27 110 111 125 219 225 228 
15 17 23 28 111 112 126 220 226 229 
16 18 24 29 112 113 127 221 227 230 
17 19 25 30 113 114 128 222 228 231 
18 20 26 31 114 115 129 223 229 232 
0 19 21 32 115 116 130 224 230 233 
1 20 22 33 116 117 131 225 231 234 
2 21 23 34 117 118 132 226 232 235 
3 22 24 35 118 119 133 227 233 236 
4 23 25 36 119 120 134 228 234 237 
5 24 26 37 108 120 121 229 235 238 
0 6 25 38 109 121 122 230 236 239 
1 7 26 39 110 122 123 231 237 240 
0 2 8 40 111 123 124 232 238 241 
1 3 9 41 112 124 125 233 239 242 
2 4 10 42 113 125 126 216 234 240 
3 5 11 43 114 126 127 217 235 241 
4 6 12 44 115 127 128 218 236 242 
5 7 13 45 116 128 129 216 219 237 
6 8 14 46 117 129 130 217 220 238 
7 9 15 47 118 130 131 218 221 239 
8 10 16 48 119 131 132 219 222 240 
9 11 17 49 120 132 133 220 223 241 
10 12 18 50 121 133 134 221 224 242 
11 13 19 51 108 122 134 216 222 225 
12 14 20 52 108 109 123 217 223 226 
13 15 21 53 109 110 124 218 224 227 
6 54 123 129 217 240 
7 55 124 130 218 241 
8 56 125 131 219 242 
9 57 126 132 216 220 
10 58 127 133 217 221 
11 59 128 134 218 222 
12 60 108 129 219 223 
13 61 109 130 220 224 
14 62 110 131 221 225 
15 63 111 132 222 226 
16 64 112 133 223 227 
17 65 113 134 224 228 
18 66 108 114 225 229 
19 67 109 115 226 230 
20 68 110 116 227 231 
21 69 111 117 228 232 
22 70 112 118 229 233 
23 71 113 119 230 234 
24 72 114 120 231 235 
25 73 115 121 232 236 
26 74 116 122 233 237 
0 75 117 123 234 238 
1 76 118 124 235 239 
2 77 119 125 236 240 
3 78 120 126 237 241 
4 79 121 127 238 242 
5 80 122 128 216 239 
2 18 23 81 124 223 241 
3 19 24 82 125 224 242 
4 20 25 83 126 216 225 
5 21 26 84 127 217 226 
0 6 22 85 128 218 227 
1 7 23 86 129 219 228 
2 8 24 87 130 220 229 
3 9 25 88 131 221 230 
4 10 26 89 132 222 231 
0 5 11 90 133 223 232 
1 6 12 91 134 224 233 
2 7 13 92 108 225 234 
3 8 14 93 109 226 235 
4 9 15 94 110 227 236 
5 10 16 95 111 228 237 
6 11 17 96 112 229 238 
7 12 18 97 113 230 239 
8 13 19 98 114 231 240 
9 14 20 99 115 232 241 
10 15 21 100 116 233 242 
11 16 22 101 117 216 234 
12 17 23 102 118 217 235 
13 18 24 103 119 218 236 
14 19 25 104 120 219 237 
15 20 26 105 121 220 238 
0 16 21 106 122 221 239 
1 17 22 107 123 222 240 
0 2 5 7 9 12 13 17 19 20 23 37 51 60 71 88 108 135 150 199 207 216 217 221 222 230 236 238 240 250 287 532 540 625 
1 3 6 8 10 13 14 18 20 21 24 38 52 61 72 89 109 136 151 200 208 217 218 222 223 231 237 239 241 251 288 533 541 626 
2 4 7 9 11 14 15 19 21 22 25 39 53 62 73 90 110 137 152 201 209 218 219 223 224 232 238 240 242 252 289 534 542 627 
3 5 8 10 12 15 16 20 22 23 26 27 40 63 74 91 111 138 153 202 210 216 219 220 224 225 233 239 241 253 290 535 543 628 
0 4 6 9 11 13 16 17 21 23 24 28 41 64 75 92 112 139 154 203 211 217 220 221 225 226 234 240 242 254 291 536 544 629 
1 5 7 10 12 14 17 18 22 24 25 29 42 65 76 93 113 140 155 204 212 216 218 221 222 226 227 235 241 255 292 537 545 630 
2 6 8 11 13 15 18 19 23 25 26 30 43 66 77 94 114 141 156 205 213 217 219 222 223 227 228 236 242 256 293 538 546 631 
0 3 7 9 12 14 16 19 20 24 26 31 44 67 78 95 115 142 157 206 214 216 218 220 223 224 228 229 237 257 294 539 547 632 
0 1 4 8 10 13 15 17 20 21 25 32 45 68 79 96 116 143 158 207 215 217 219 221 224 225 229 230 238 258 295 513 548 633 
1 2 5 9 11 14 16 18 21 22 26 33 46 69 80 97 117 144 159 189 208 218 220 222 225 226 230 231 239 259 296 514 549 634 
0 2 3 6 10 12 15 17 19 22 23 34 47 54 70 98 118 145 160 190 209 219 221 223 226 227 231 232 240 260 270 515 550 635 
1 3 4 7 11 13 16 18 20 23 24 35 48 55 71 99 119 146 161 191 210 220 222 224 227 228 232 233 241 261 271 516 551 636 
2 4 5 8 12 14 17 19 21 24 25 36 49 56 72 100 120 135 147 192 211 221 223 225 228 229 233 234 242 262 272 517 552 637 
3 5 6 9 13 15 18 20 22 25 26 37 50 57 73 101 121 136 148 193 212 216 222 224 226 229 230 234 235 263 273 518 553 638 
0 4 6 7 10 14 16 19 21 23 26 38 51 58 74 102 122 137 149 194 213 217 223 225 227 230 231 235 236 264 274 519 554 639 
0 1 5 7 8 11 15 17 20 22 24 39 52 59 75 103 123 138 150 195 214 218 224 226 228 231 232 236 237 265 275 520 555 640 
1 2 6 8 9 12 16 18 21 23 25 40 53 60 76 104 124 139 151 196 215 219 225 227 229 232 233 237 238 266 276 521 556 641 
2 3 7 9 10 13 17 19 22 24 26 27 41 61 77 105 125 140 152 189 197 220 226 228 230 233 234 238 239 267 277 522 557 642 
0 3 4 8 10 11 14 18 20 23 25 28 42 62 78 106 126 141 153 190 198 221 227 229 231 234 235 239 240 268 278 523 558 643 
1 4 5 9 11 12 15 19 21 24 26 29 43 63 79 107 127 142 154 191 199 222 228 230 232 235 236 240 241 269 279 524 559 644 
0 2 5 6 10 12 13 16 20 22 25 30 44 64 80 81 128 143 155 192 200 223 229 231 233 236 237 241 242 243 280 525 560 645 
1 3 6 7 11 13 14 17 21 23 26 31 45 54 65 82 129 144 156 193 201 216 224 230 232 234 237 238 242 244 281 526 561 646 
0 2 4 7 8 12 14 15 18 22 24 32 46 55 66 83 130 145 157 194 202 216 217 225 231 233 235 238 239 245 282 527 562 647 
1 3 5 8 9 13 15 16 19 23 25 33 47 56 67 84 131 146 158 195 203 217 218 226 232 234 236 239 240 246 283 528 563 621 
2 4 6 9 10 14 16 17 20 24 26 34 48 57 68 85 132 147 159 196 204 218 219 227 233 235 237 240 241 247 284 529 564 622 
0 3 5 7 10 11 15 17 18 21 25 35 49 58 69 86 133 148 160 197 205 219 220 228 234 236 238 241 242 248 285 530 565 623 
1 4 6 8 11 12 16 18 19 22 26 36 50 59 70 87 134 149 161 198 206 216 220 221 229 235 237 239 242 249 286 531 566 624 
24 108 135 212 229 
25 109 136 213 230 
26 110 137 214 231 
0 111 138 215 232 
1 112 139 189 233 
2 113 140 190 234 
3 114 141 191 235 
4 115 142 192 236 
5 116 143 193 237 
6 117 144 194 238 
7 118 145 195 239 
8 119 146 196 240 
9 120 147 197 241 
10 121 148 198 242 
11 122 149 199 216 
12 123 150 200 217 
13 124 151 201 218 
14 125 152 202 219 
15 126 153 203 220 
16 127 154 204 221 
17 128 155 205 222 
18 129 156 206 223 
19 130 157 207 224 
20 131 158 208 225 
21 132 159 209 226 
22 133 160 210 227 
23 134 161 211 228 
5 21 22 122 127 162 189 223 510 559 
6 22 23 123 128 163 190 224 511 560 
7 23 24 124 129 164 191 225 512 561 
8 24 25 125 130 165 192 226 486 562 
9 25 26 126 131 166 193 227 487 563 
0 10 26 127 132 167 194 228 488 564 
0 1 11 128 133 168 195 229 489 565 
1 2 12 129 134 169 196 230 490 566 
2 3 13 108 130 170 197 231 491 540 
3 4 14 109 131 171 198 232 492 541 
4 5 15 110 132 172 199 233 493 542 
5 6 16 111 133 173 200 234 494 543 
6 7 17 112 134 174 201 235 495 544 
7 8 18 108 113 175 202 236 496 545 
8 9 19 109 114 176 203 237 497 546 
9 10 20 110 115 177 204 238 498 547 
10 11 21 111 116 178 205 239 499 548 
11 12 22 112 117 179 206 240 500 549 
12 13 23 113 118 180 207 241 501 550 
13 14 24 114 119 181 208 242 502 551 
14 15 25 115 120 182 209 216 503 552 
15 16 26 116 121 183 210 217 504 553 
0 16 17 117 122 184 211 218 505 554 
1 17 18 118 123 185 212 219 506 555 
2 18 19 119 124 186 213 220 507 556 
3 19 20 120 125 187 214 221 508 557 
4 20 21 121 126 188 215 222 509 558 



























0 4 7 9 10 11 14 16 18 23 42 57 67 99 108 109 111 113 115 121 129 130 134 135 177 204 216 245 254 273 308 434 639 
1 5 8 10 11 12 15 17 19 24 43 58 68 100 108 109 110 112 114 116 122 130 131 136 178 205 217 246 255 274 309 435 640 
2 6 9 11 12 13 16 18 20 25 44 59 69 101 109 110 111 113 115 117 123 131 132 137 179 206 218 247 256 275 310 436 641 
3 7 10 12 13 14 17 19 21 26 45 60 70 102 110 111 112 114 116 118 124 132 133 138 180 207 219 248 257 276 311 437 642 
0 4 8 11 13 14 15 18 20 22 46 61 71 103 111 112 113 115 117 119 125 133 134 139 181 208 220 249 258 277 312 438 643 
1 5 9 12 14 15 16 19 21 23 47 62 72 104 108 112 113 114 116 118 120 126 134 140 182 209 221 250 259 278 313 439 644 
2 6 10 13 15 16 17 20 22 24 48 63 73 105 108 109 113 114 115 117 119 121 127 141 183 210 222 251 260 279 314 440 645 
3 7 11 14 16 17 18 21 23 25 49 64 74 106 109 110 114 115 116 118 120 122 128 142 184 211 223 252 261 280 315 441 646 
4 8 12 15 17 18 19 22 24 26 50 65 75 107 110 111 115 116 117 119 121 123 129 143 185 212 224 253 262 281 316 442 647 
0 5 9 13 16 18 19 20 23 25 51 66 76 81 111 112 116 117 118 120 122 124 130 144 186 213 225 254 263 282 317 443 621 
1 6 10 14 17 19 20 21 24 26 52 67 77 82 112 113 117 118 119 121 123 125 131 145 187 214 226 255 264 283 318 444 622 
0 2 7 11 15 18 20 21 22 25 53 68 78 83 113 114 118 119 120 122 124 126 132 146 188 215 227 256 265 284 319 445 623 
1 3 8 12 16 19 21 22 23 26 27 69 79 84 114 115 119 120 121 123 125 127 133 147 162 189 228 257 266 285 320 446 624 
0 2 4 9 13 17 20 22 23 24 28 70 80 85 115 116 120 121 122 124 126 128 134 148 163 190 229 258 267 286 321 447 625 
1 3 5 10 14 18 21 23 24 25 29 54 71 86 108 116 117 121 122 123 125 127 129 149 164 191 230 259 268 287 322 448 626 
2 4 6 11 15 19 22 24 25 26 30 55 72 87 109 117 118 122 123 124 126 128 130 150 165 192 231 260 269 288 323 449 627 
0 3 5 7 12 16 20 23 25 26 31 56 73 88 110 118 119 123 124 125 127 129 131 151 166 193 232 243 261 289 297 450 628 
0 1 4 6 8 13 17 21 24 26 32 57 74 89 111 119 120 124 125 126 128 130 132 152 167 194 233 244 262 290 298 451 629 
0 1 2 5 7 9 14 18 22 25 33 58 75 90 112 120 121 125 126 127 129 131 133 153 168 195 234 245 263 291 299 452 630 
1 2 3 6 8 10 15 19 23 26 34 59 76 91 113 121 122 126 127 128 130 132 134 154 169 196 235 246 264 292 300 453 631 
0 2 3 4 7 9 11 16 20 24 35 60 77 92 108 114 122 123 127 128 129 131 133 155 170 197 236 247 265 293 301 454 632 
1 3 4 5 8 10 12 17 21 25 36 61 78 93 109 115 123 124 128 129 130 132 134 156 171 198 237 248 266 294 302 455 633 
2 4 5 6 9 11 13 18 22 26 37 62 79 94 108 110 116 124 125 129 130 131 133 157 172 199 238 249 267 295 303 456 634 
0 3 5 6 7 10 12 14 19 23 38 63 80 95 109 111 117 125 126 130 131 132 134 158 173 200 239 250 268 296 304 457 635 
1 4 6 7 8 11 13 15 20 24 39 54 64 96 108 110 112 118 126 127 131 132 133 159 174 201 240 251 269 270 305 458 636 
2 5 7 8 9 12 14 16 21 25 40 55 65 97 109 111 113 119 127 128 132 133 134 160 175 202 241 243 252 271 306 432 637 
3 6 8 9 10 13 15 17 22 26 41 56 66 98 108 110 112 114 120 128 129 133 134 161 176 203 242 244 253 272 307 433 638 
2 7 125 128 243 
3 8 126 129 244 
4 9 127 130 245 
5 10 128 131 246 
6 11 129 132 247 
7 12 130 133 248 
8 13 131 134 249 
9 14 108 132 250 
10 15 109 133 251 
11 16 110 134 252 
12 17 108 111 253 
13 18 109 112 254 
14 19 110 113 255 
15 20 111 114 256 
16 21 112 115 257 
17 22 113 116 258 
18 23 114 117 259 
19 24 115 118 260 
20 25 116 119 261 
21 26 117 120 262 
0 22 118 121 263 
1 23 119 122 264 
2 24 120 123 265 
3 25 121 124 266 
4 26 122 125 267 
0 5 123 126 268 
1 6 124 127 269 
6 8 54 129 270 
7 9 55 130 271 
8 10 56 131 272 
9 11 57 132 273 
10 12 58 133 274 
11 13 59 134 275 
12 14 60 108 276 
13 15 61 109 277 
14 16 62 110 278 
15 17 63 111 279 
16 18 64 112 280 
17 19 65 113 281 
18 20 66 114 282 
19 21 67 115 283 
20 22 68 116 284 
21 23 69 117 285 
22 24 70 118 286 
23 25 71 119 287 
24 26 72 120 288 
0 25 73 121 289 
1 26 74 122 290 
0 2 75 123 291 
1 3 76 124 292 
2 4 77 125 293 
3 5 78 126 294 
4 6 79 127 295 
5 7 80 128 296 
0 12 21 108 127 232 239 297 
1 13 22 109 128 233 240 298 
2 14 23 110 129 234 241 299 
3 15 24 111 130 235 242 300 
4 16 25 112 131 216 236 301 
5 17 26 113 132 217 237 302 
0 6 18 114 133 218 238 303 
1 7 19 115 134 219 239 304 
2 8 20 108 116 220 240 305 
3 9 21 109 117 221 241 306 
4 10 22 110 118 222 242 307 
5 11 23 111 119 216 223 308 
6 12 24 112 120 217 224 309 
7 13 25 113 121 218 225 310 
8 14 26 114 122 219 226 311 
0 9 15 115 123 220 227 312 
1 10 16 116 124 221 228 313 
2 11 17 117 125 222 229 314 
3 12 18 118 126 223 230 315 
4 13 19 119 127 224 231 316 
5 14 20 120 128 225 232 317 
6 15 21 121 129 226 233 318 
7 16 22 122 130 227 234 319 
8 17 23 123 131 228 235 320 
9 18 24 124 132 229 236 321 
10 19 25 125 133 230 237 322 
11 20 26 126 134 231 238 323 






















































22 118 240 378 
23 119 241 379 
24 120 242 380 
25 121 216 381 
26 122 217 382 
0 123 218 383 
1 124 219 384 
2 125 220 385 
3 126 221 386 
4 127 222 387 
5 128 223 388 
6 129 224 389 
7 130 225 390 
8 131 226 391 
9 132 227 392 
10 133 228 393 
11 134 229 394 
12 108 230 395 
13 109 231 396 
14 110 232 397 
15 111 233 398 
16 112 234 399 
17 113 235 400 
18 114 236 401 
19 115 237 402 
20 116 238 403 
21 117 239 404 
2 6 118 128 240 405 
3 7 119 129 241 406 
4 8 120 130 242 407 
5 9 121 131 216 408 
6 10 122 132 217 409 
7 11 123 133 218 410 
8 12 124 134 219 411 
9 13 108 125 220 412 
10 14 109 126 221 413 
11 15 110 127 222 414 
12 16 111 128 223 415 
13 17 112 129 224 416 
14 18 113 130 225 417 
15 19 114 131 226 418 
16 20 115 132 227 419 
17 21 116 133 228 420 
18 22 117 134 229 421 
19 23 108 118 230 422 
20 24 109 119 231 423 
21 25 110 120 232 424 
22 26 111 121 233 425 
0 23 112 122 234 426 
1 24 113 123 235 427 
2 25 114 124 236 428 
3 26 115 125 237 429 
0 4 116 126 238 430 
1 5 117 127 239 431 
23 81 241 432 
24 82 242 433 
25 83 216 434 
26 84 217 435 
0 85 218 436 
1 86 219 437 
2 87 220 438 
3 88 221 439 
4 89 222 440 
5 90 223 441 
6 91 224 442 
7 92 225 443 
8 93 226 444 
9 94 227 445 
10 95 228 446 
11 96 229 447 
12 97 230 448 
13 98 231 449 
14 99 232 450 
15 100 233 451 
16 101 234 452 
17 102 235 453 
18 103 236 454 
19 104 237 455 
20 105 238 456 
21 106 239 457 
22 107 240 458 





























































































































































































